Table 1.  Private sector gross job gains and job losses, seasonally adjusted

California

Total private                                

                                                  Gross job gains                       Gross job losses
Year  3 months ended  Net change (1) Total    Expanding      Opening      Total     Contracting      Closing
                                           establishments establishments           establishments establishments

1992  September           -6,629    989,081     774,397       214,684     995,710     813,412         182,298
      December          -146,386    893,822     723,108       170,714   1,040,208     831,466         208,742
  
1993  March              -31,425    948,439     702,348       246,091     979,864     745,341         234,523
      June               -12,675    902,259     704,638       197,621     914,934     715,818         199,116
      September           89,329    969,760     750,586       219,174     880,431     707,395         173,036
      December           -36,408    896,249     710,544       185,705     932,657     735,557         197,100
  
1994  March               77,394    979,177     751,651       227,526     901,783     683,686         218,097
      June                -6,369    936,203     719,728       216,475     942,572     694,087         248,485
      September          159,027  1,005,063     787,568       217,495     846,036     699,676         146,360
      December           -10,354    941,206     759,376       181,830     951,560     719,693         231,867
  
1995  March               63,846    986,137     771,324       214,813     922,291     737,927         184,364
      June                86,521  1,006,036     785,738       220,298     919,515     727,310         192,205
      September          154,894  1,132,827     908,089       224,738     977,933     711,566         266,367
      December             1,857  1,046,510     814,596       231,914   1,044,653     802,259         242,394
  
1996  March              139,439  1,129,125     873,004       256,121     989,686     764,283         225,403
      June                95,801  1,118,306     856,098       262,208   1,022,505     789,973         232,532
      September           37,632  1,126,655     853,087       273,568   1,089,023     822,197         266,826
      December           110,966  1,087,538     858,924       228,614     976,572     745,480         231,092
  
1997  March              138,379  1,158,309     869,480       288,829   1,019,930     776,132         243,798
      June                76,766  1,085,544     852,716       232,828   1,008,778     762,600         246,178
      September          104,962  1,178,212     935,323       242,889   1,073,250     762,175         311,075
      December           -17,587  1,104,976     843,946       261,030   1,122,563     840,054         282,509
  
1998  March              257,575  1,307,618     911,298       396,320   1,050,043     741,407         308,636
      June               -12,579  1,183,502     852,144       331,358   1,196,081     859,524         336,557
      September          223,661  1,169,596     873,378       296,218     945,935     736,940         208,995
      December            70,216  1,054,671     853,551       201,120     984,455     755,106         229,349
  
1999  March              -16,166  1,094,930     822,588       272,342   1,111,096     852,341         258,755
      June               109,680  1,086,624     838,039       248,585     976,944     737,398         239,546
      September          150,788  1,145,911     890,569       255,342     995,123     754,123         241,000
      December           156,049  1,151,017     875,827       275,190     994,968     765,694         229,274
  
2000  March              100,853  1,172,754     902,195       270,559   1,071,901     811,130         260,771
      June               124,777  1,163,000     916,912       246,088   1,038,223     805,118         233,105
      September          113,560  1,134,214     896,510       237,704   1,020,654     771,113         249,541
      December            70,757  1,093,413     878,210       215,203   1,022,656     783,187         239,469
  
2001  March               36,390  1,178,262     906,613       271,649   1,141,872     862,376         279,496
      June              -140,308  1,081,692     828,212       253,480   1,222,000     953,821         268,179
      September         -187,942  1,014,546     774,329       240,217   1,202,488     919,718         282,770
      December          -102,072  1,009,582     758,757       250,825   1,111,654     879,693         231,961
  
2002  March               49,241  1,116,725     860,565       256,160   1,067,484     820,262         247,222
      June                -9,183  1,064,175     804,668       259,507   1,073,358     812,371         260,987
      September          -52,733  1,028,784     786,428       242,356   1,081,517     843,784         237,733
      December             4,821    993,599     777,212       216,387     988,778     765,899         222,879
  
2003  March                  762  1,023,052     798,393       224,659   1,022,290     798,518         223,772
      June                11,444  1,009,734     780,430       229,304     998,290     780,074         218,216
      September          -35,727    956,660     750,319       206,341     992,387     781,859         210,528
      December            27,919  1,007,470     778,694       228,776     979,551     740,815         238,736
  
2004  March              132,036  1,092,380     878,174       214,206     960,344     737,801         222,543
      June                18,154    973,133     774,307       198,826     954,979     720,571         234,408
      September           39,980  1,032,299     778,760       253,539     992,319     748,802         243,517
      December            52,280  1,041,543     801,600       239,943     989,263     723,380         265,883
  
2005  March               86,142  1,015,939     780,287       235,652     929,797     721,123         208,674
      June                38,609    990,804     776,658       214,146     952,195     740,068         212,127
      September          126,419  1,033,306     808,323       224,983     906,887     710,250         196,637
      December            93,449  1,008,481     793,689       214,792     915,032     710,296         204,736
  
2006  March               52,608    991,988     790,478       201,510     939,380     749,362         190,018
      June                33,298    977,603     773,323       204,280     944,305     733,299         211,006
      September           -6,910    951,778     756,486       195,292     958,688     758,978         199,710
      December            32,159    988,123     774,205       213,918     955,964     747,407         208,557
  
2007  March               52,868  1,021,024     815,263       205,761     968,156     767,954         200,202
      June               -16,467    975,178     775,907       199,271     991,645     775,210         216,435
      September          -26,447    958,425     739,757       218,668     984,872     781,251         203,621
      December            41,344  1,021,008     792,260       228,748     979,664     772,953         206,711
  
2008  March              -96,423    933,343     737,079       196,264   1,029,766     818,591         211,175
      June               -53,728    959,120     748,628       210,492   1,012,848     797,725         215,123
      September         -130,187    879,458     679,590       199,868   1,009,645     807,367         202,278
      December          -240,726    849,558     648,658       200,900   1,090,284     868,853         221,431
  
2009  March             -375,165    740,701     571,148       169,553   1,115,866     902,748         213,118
      June              -188,722    802,449     618,940       183,509     991,171     776,421         214,750
      September         -161,067    804,229     617,855       186,374     965,296     723,679         241,617
      December            -7,924    863,638     645,875       217,763     871,562     673,800         197,762
  
2010  March              -77,039    815,508     633,714       181,794     892,547     677,065         215,482
      June                98,293    915,565     712,844       202,721     817,272     634,545         182,727
      September           -9,899    836,518     651,217       185,301     846,417     662,875         183,542
      December            91,791    902,708     700,123       202,585     810,917     629,328         181,589
  
2011  March                1,565    812,920     633,826       179,094     811,355     638,177         173,178
      June                77,155    888,386     695,449       192,937     811,231     587,117         224,114
      September           91,159    950,382     744,523       205,859     859,223     673,478         185,745
      December            76,490    889,172     690,860       198,312     812,682     629,104         183,578
  
2012  March              153,472    926,149     704,520       221,629     772,677     614,082         158,595
      June               142,303    931,062     725,471       205,591     788,759     629,130         159,629
      September           45,084    864,576     697,351       167,225     819,492     666,157         153,335
      December           158,007    930,807     740,524       190,283     772,800     634,297         138,503
  
2013  March               94,109    880,993     732,350       148,643     786,884     629,314         157,570
      June                84,825    915,090     736,015       179,075     830,265     656,662         173,603
      September           82,166    897,785     721,329       176,456     815,619     661,792         153,827
      December           149,707    968,452     766,118       202,334     818,745     670,596         148,149
  
2014  March               88,301    917,519     749,025       168,494     829,218     667,328         161,890
      June                75,644    939,569     770,794       168,775     863,925     708,124         155,801
      September          106,380    954,226     766,502       187,724     847,846     669,397         178,449
      December           132,648  1,006,961     802,747       204,214     874,313     696,140         178,173
  
2015  March              102,774    962,375     776,713       185,662     859,601     663,742         195,859
      June                57,168    951,647     765,050       186,597     894,479     710,733         183,746
      September          139,751    960,848     782,728       178,120     821,097     657,577         163,520
      December           147,520  1,076,530     860,428       216,102     929,010     736,950         192,060
  
2016  March               48,992    943,771     756,505       187,266     894,779     703,897         190,882
      June                48,039    981,914     769,685       212,229     933,875     739,389         194,486
      September          110,232    990,473     775,707       214,766     880,241     706,072         174,169
      December            69,991    980,183     769,675       210,508     910,192     720,440         189,752
  
2017  March               90,527    962,840     778,664       184,176     872,313     693,778         178,535
      June                45,269  1,008,489     803,960       204,529     963,220     784,603         178,617
      September           24,333    945,420     769,491       175,929     921,087     738,067         183,020
      December           134,282  1,012,893     807,863       205,030     878,611     693,959         184,652
  

(1) Net change is the difference between total gross job gains and total gross job losses.
