Table 1.  Private sector gross job gains and job losses, seasonally adjusted

Idaho

Total private                                

                                                  Gross job gains                       Gross job losses
Year  3 months ended  Net change (1) Total    Expanding      Opening      Total     Contracting      Closing
                                           establishments establishments           establishments establishments

1992  September             -556     35,324      29,236         6,088      35,880      29,287           6,593
      December             2,296     33,187      25,791         7,396      30,891      25,489           5,402
  
1993  March                  349     29,268      24,071         5,197      28,919      24,164           4,755
      June                11,148     38,619      30,691         7,928      27,471      22,882           4,589
      September            4,880     38,553      31,879         6,674      33,673      27,698           5,975
      December             4,004     36,127      29,074         7,053      32,123      26,907           5,216
  
1994  March                6,967     36,089      29,736         6,353      29,122      24,948           4,174
      June                 9,815     39,226      31,749         7,477      29,411      25,178           4,233
      September              893     38,876      31,664         7,212      37,983      32,468           5,515
      December               898     37,261      30,576         6,685      36,363      30,316           6,047
  
1995  March                6,959     40,388      34,205         6,183      33,429      26,490           6,939
      June                    70     36,223      29,127         7,096      36,153      31,335           4,818
      September            3,456     40,122      32,387         7,735      36,666      31,227           5,439
      December               128     36,196      29,948         6,248      36,068      30,151           5,917
  
1996  March                5,681     39,295      31,792         7,503      33,614      28,750           4,864
      June                 5,111     39,694      31,075         8,619      34,583      29,589           4,994
      September              229     38,608      31,769         6,839      38,379      32,528           5,851
      December             2,513     37,687      30,120         7,567      35,174      28,724           6,450
  
1997  March                5,653     39,547      32,821         6,726      33,894      28,156           5,738
      June                 4,039     38,706      31,177         7,529      34,667      29,734           4,933
      September            2,990     40,669      32,912         7,757      37,679      31,132           6,547
      December             5,172     41,377      32,041         9,336      36,205      30,191           6,014
  
1998  March                2,640     40,273      32,287         7,986      37,633      30,739           6,894
      June                 1,294     39,505      31,760         7,745      38,211      31,956           6,255
      September            3,883     41,193      33,250         7,943      37,310      30,305           7,005
      December             5,462     42,411      32,683         9,728      36,949      29,923           7,026
  
1999  March                1,330     38,312      30,900         7,412      36,982      30,696           6,286
      June                 5,128     39,995      32,879         7,116      34,867      29,389           5,478
      September            4,983     41,725      33,413         8,312      36,742      30,300           6,442
      December             5,136     41,626      34,362         7,264      36,490      30,264           6,226
  
2000  March                3,921     41,862      33,255         8,607      37,941      30,805           7,136
      June                 4,769     44,200      35,931         8,269      39,431      30,982           8,449
      September            5,382     46,516      37,362         9,154      41,134      33,207           7,927
      December             2,988     44,909      35,504         9,405      41,921      33,860           8,061
  
2001  March                3,286     47,824      36,440        11,384      44,538      33,870          10,668
      June                -4,376     42,308      33,388         8,920      46,684      36,248          10,436
      September           -4,193     40,439      32,227         8,212      44,632      36,116           8,516
      December            -3,519     38,364      30,670         7,694      41,883      34,213           7,670
  
2002  March               -4,023     38,001      28,888         9,113      42,024      34,320           7,704
      June                 5,289     44,281      35,508         8,773      38,992      31,938           7,054
      September            1,368     39,833      32,096         7,737      38,465      31,458           7,007
      December             3,625     41,310      33,794         7,516      37,685      31,335           6,350
  
2003  March               -3,187     40,684      31,137         9,547      43,871      34,857           9,014
      June                   488     39,640      30,569         9,071      39,152      31,816           7,336
      September              721     39,800      31,859         7,941      39,079      30,231           8,848
      December             3,507     40,650      32,111         8,539      37,143      30,476           6,667
  
2004  March                4,729     44,290      36,242         8,048      39,561      30,354           9,207
      June                 8,317     44,669      35,994         8,675      36,352      29,381           6,971
      September           -1,356     38,800      30,760         8,040      40,156      32,703           7,453
      December             7,129     42,979      34,101         8,878      35,850      28,864           6,986
  
2005  March                8,051     45,714      36,441         9,273      37,663      29,791           7,872
      June                 4,090     41,790      33,116         8,674      37,700      29,729           7,971
      September            9,308     44,822      36,030         8,792      35,514      28,035           7,479
      December             7,853     46,292      36,886         9,406      38,439      31,460           6,979
  
2006  March                8,907     48,346      38,426         9,920      39,439      30,765           8,674
      June                 4,697     46,669      37,151         9,518      41,972      33,923           8,049
      September            2,269     44,994      34,392        10,602      42,725      35,123           7,602
      December             5,731     46,500      36,811         9,689      40,769      32,717           8,052
  
2007  March                8,379     48,720      38,800         9,920      40,341      32,208           8,133
      June                 1,028     45,324      35,650         9,674      44,296      36,161           8,135
      September           -5,270     41,811      32,660         9,151      47,081      37,775           9,306
      December             3,655     46,647      37,293         9,354      42,992      34,377           8,615
  
2008  March               -2,994     44,361      34,584         9,777      47,355      37,887           9,468
      June                -5,850     41,745      32,575         9,170      47,595      37,997           9,598
      September           -7,035     41,100      32,163         8,937      48,135      37,919          10,216
      December           -12,186     38,434      29,166         9,268      50,620      41,082           9,538
  
2009  March              -19,887     35,319      25,924         9,395      55,206      44,908          10,298
      June                -8,617     38,697      29,988         8,709      47,314      37,235          10,079
      September             -483     39,134      30,976         8,158      39,617      30,506           9,111
      December            -1,876     38,134      29,018         9,116      40,010      31,613           8,397
  
2010  March               -3,707     35,938      28,835         7,103      39,645      31,890           7,755
      June                -2,035     36,788      28,995         7,793      38,823      30,591           8,232
      September            4,237     39,757      30,181         9,576      35,520      27,608           7,912
      December             2,645     40,622      32,026         8,596      37,977      29,674           8,303
  
2011  March               -2,344     34,684      27,722         6,962      37,028      29,103           7,925
      June                   420     37,489      29,426         8,063      37,069      29,537           7,532
      September            7,481     41,473      32,563         8,910      33,992      26,551           7,441
      December              -728     37,156      29,557         7,599      37,884      29,626           8,258
  
2012  March               -2,325     37,693      29,711         7,982      40,018      30,673           9,345
      June                 3,181     40,593      32,361         8,232      37,412      28,984           8,428
      September            5,416     41,335      32,523         8,812      35,919      28,223           7,696
      December             2,929     40,144      32,432         7,712      37,215      30,057           7,158
  
2013  March                  385     40,943      33,469         7,474      40,558      28,939          11,619
      June                 3,709     41,549      32,667         8,882      37,840      29,889           7,951
      September            3,137     40,340      31,472         8,868      37,203      29,247           7,956
      December             5,020     43,578      35,111         8,467      38,558      30,501           8,057
  
2014  March                5,456     44,469      34,977         9,492      39,013      31,138           7,875
      June                  -648     41,145      33,055         8,090      41,793      33,335           8,458
      September              364     39,573      30,559         9,014      39,209      32,965           6,244
      December             4,456     42,864      34,914         7,950      38,408      28,815           9,593
  
2015  March                9,986     48,934      38,136        10,798      38,948      30,945           8,003
      June                 1,773     41,430      33,906         7,524      39,657      31,891           7,766
      September            4,138     43,222      34,909         8,313      39,084      31,230           7,854
      December             5,100     43,798      35,539         8,259      38,698      31,851           6,847
  
2016  March               10,000     46,462      37,292         9,170      36,462      28,714           7,748
      June                   922     41,251      34,137         7,114      40,329      33,939           6,390
      September            3,837     45,011      35,997         9,014      41,174      33,432           7,742
      December             3,948     42,845      34,920         7,925      38,897      31,233           7,664
  
2017  March                8,811     45,963      36,728         9,235      37,152      30,464           6,688
      June                 4,126     43,250      34,950         8,300      39,124      32,387           6,737
      September               44     39,216      31,123         8,093      39,172      32,525           6,647
      December             6,136     44,067      35,121         8,946      37,931      30,609           7,322
  

(1) Net change is the difference between total gross job gains and total gross job losses.
