Table 1.  Private sector gross job gains and job losses, seasonally adjusted

Mississippi

Total private                                

                                                  Gross job gains                       Gross job losses
Year  3 months ended  Net change (1) Total    Expanding      Opening      Total     Contracting      Closing
                                           establishments establishments           establishments establishments

1992  September           10,803     61,566      46,697        14,869      50,763      41,222           9,541
      December            10,053     62,219      49,366        12,853      52,166      41,938          10,228
  
1993  March                8,171     61,142      45,636        15,506      52,971      40,090          12,881
      June                16,334     64,733      51,770        12,963      48,399      38,690           9,709
      September           13,119     65,839      52,806        13,033      52,720      42,416          10,304
      December            23,501     78,408      65,229        13,179      54,907      43,743          11,164
  
1994  March                8,490     68,886      58,019        10,867      60,396      50,439           9,957
      June                13,649     71,711      58,932        12,779      58,062      45,604          12,458
      September           16,832     76,267      64,116        12,151      59,435      50,384           9,051
      December            -1,928     59,765      47,575        12,190      61,693      51,479          10,214
  
1995  March               -1,921     62,195      50,581        11,614      64,116      52,890          11,226
      June                 4,644     66,173      52,869        13,304      61,529      49,445          12,084
      September            7,518     65,163      53,181        11,982      57,645      48,940           8,705
      December            -3,808     59,129      48,437        10,692      62,937      53,369           9,568
  
1996  March                2,151     68,108      53,711        14,397      65,957      51,423          14,534
      June                11,200     68,029      54,294        13,735      56,829      47,550           9,279
      September            4,804     66,477      53,940        12,537      61,673      50,687          10,986
      December            -3,873     57,922      47,199        10,723      61,795      52,403           9,392
  
1997  March                5,187     65,299      50,722        14,577      60,112      48,269          11,843
      June                 7,927     65,176      51,792        13,384      57,249      46,722          10,527
      September            6,474     66,233      52,769        13,464      59,759      48,780          10,979
      December            10,691     68,554      56,880        11,674      57,863      48,092           9,771
  
1998  March                2,207     70,015      55,068        14,947      67,808      52,491          15,317
      June                 7,668     70,219      56,460        13,759      62,551      50,434          12,117
      September            3,876     69,151      54,435        14,716      65,275      51,705          13,570
      December             2,079     67,754      54,975        12,779      65,675      52,591          13,084
  
1999  March                4,877     74,865      60,015        14,850      69,988      55,434          14,554
      June                 8,694     72,448      58,431        14,017      63,754      53,703          10,051
      September            3,760     68,437      53,476        14,961      64,677      53,391          11,286
      December            -6,663     60,811      50,417        10,394      67,474      56,020          11,454
  
2000  March               -3,701     65,157      52,778        12,379      68,858      56,069          12,789
      June                 3,933     67,380      54,431        12,949      63,447      51,494          11,953
      September           -7,161     59,705      47,115        12,590      66,866      56,696          10,170
      December           -11,063     60,857      49,282        11,575      71,920      59,521          12,399
  
2001  March              -11,000     64,735      51,832        12,903      75,735      57,698          18,037
      June                -4,880     60,997      49,031        11,966      65,877      54,368          11,509
      September           -5,039     58,462      47,578        10,884      63,501      52,621          10,880
      December            -8,771     56,402      45,011        11,391      65,173      54,897          10,276
  
2002  March                3,787     64,327      51,932        12,395      60,540      48,490          12,050
      June                 3,450     62,784      50,823        11,961      59,334      47,560          11,774
      September           -3,123     58,053      46,455        11,598      61,176      51,035          10,141
      December            -9,642     52,584      42,881         9,703      62,226      52,656           9,570
  
2003  March               -4,342     57,192      45,591        11,601      61,534      50,737          10,797
      June                -3,778     56,820      45,594        11,226      60,598      51,240           9,358
      September            5,475     57,620      47,217        10,403      52,145      43,515           8,630
      December             3,685     58,252      47,527        10,725      54,567      46,186           8,381
  
2004  March                1,306     57,234      46,197        11,037      55,928      46,591           9,337
      June                 1,611     59,345      48,990        10,355      57,734      46,502          11,232
      September            2,877     59,890      49,095        10,795      57,013      48,174           8,839
      December             2,245     57,432      48,059         9,373      55,187      44,825          10,362
  
2005  March                6,769     60,878      49,423        11,455      54,109      45,070           9,039
      June                -5,777     56,752      46,140        10,612      62,529      50,163          12,366
      September          -14,264     67,949      54,077        13,872      82,213      60,232          21,981
      December            14,889     88,618      68,245        20,373      73,729      60,331          13,398
  
2006  March               11,649     70,251      56,238        14,013      58,602      49,526           9,076
      June                   815     64,971      52,014        12,957      64,156      55,112           9,044
      September            6,895     69,285      57,563        11,722      62,390      53,084           9,306
      December             6,033     65,472      53,430        12,042      59,439      51,446           7,993
  
2007  March               -2,722     62,089      51,592        10,497      64,811      55,108           9,703
      June                -3,511     61,506      50,553        10,953      65,017      54,510          10,507
      September            4,475     62,365      50,437        11,928      57,890      48,381           9,509
      December             5,788     64,397      52,039        12,358      58,609      50,115           8,494
  
2008  March               -1,459     59,217      48,938        10,279      60,676      50,443          10,233
      June               -10,446     57,254      46,208        11,046      67,700      57,546          10,154
      September          -10,993     55,174      45,305         9,869      66,167      55,342          10,825
      December           -13,915     56,559      45,578        10,981      70,474      58,989          11,485
  
2009  March              -18,534     49,068      39,592         9,476      67,602      57,220          10,382
      June               -14,038     49,633      40,402         9,231      63,671      53,011          10,660
      September           -7,006     51,224      41,911         9,313      58,230      48,138          10,092
      December            -2,392     50,579      39,749        10,830      52,971      43,367           9,604
  
2010  March                  245     51,418      41,664         9,754      51,173      43,112           8,061
      June                 7,510     59,272      47,064        12,208      51,762      43,108           8,654
      September             -896     56,560      46,047        10,513      57,456      46,472          10,984
      December                 8     55,566      44,196        11,370      55,558      45,064          10,494
  
2011  March                3,731     55,374      45,397         9,977      51,643      43,443           8,200
      June                -4,144     52,326      42,376         9,950      56,470      46,809           9,661
      September            2,185     54,539      43,857        10,682      52,354      43,501           8,853
      December               306     51,361      41,831         9,530      51,055      42,397           8,658
  
2012  March                9,699     56,866      47,452         9,414      47,167      39,811           7,356
      June                -4,527     50,332      41,816         8,516      54,859      46,031           8,828
      September            1,324     53,427      44,191         9,236      52,103      43,346           8,757
      December             4,114     56,301      45,665        10,636      52,187      39,989          12,198
  
2013  March                3,782     51,013      42,461         8,552      47,231      40,279           6,952
      June                  -801     50,616      42,405         8,211      51,417      43,538           7,879
      September            3,151     52,965      43,558         9,407      49,814      40,802           9,012
      December             7,011     55,686      46,361         9,325      48,675      40,642           8,033
  
2014  March                 -925     50,191      41,678         8,513      51,116      44,530           6,586
      June                -3,824     53,185      43,107        10,078      57,009      46,331          10,678
      September            2,087     53,752      45,599         8,153      51,665      42,933           8,732
      December            12,572     59,433      50,191         9,242      46,861      39,174           7,687
  
2015  March               -6,054     49,739      41,246         8,493      55,793      48,610           7,183
      June                 4,767     56,231      45,969        10,262      51,464      44,163           7,301
      September            3,046     54,594      46,365         8,229      51,548      42,100           9,448
      December            14,348     62,390      52,658         9,732      48,042      39,962           8,080
  
2016  March               -3,395     51,728      42,300         9,428      55,123      46,810           8,313
      June                -7,627     50,515      41,621         8,894      58,142      50,643           7,499
      September            6,550     56,026      46,079         9,947      49,476      41,084           8,392
      December             6,393     56,611      45,519        11,092      50,218      42,150           8,068
  
2017  March                 -702     51,514      41,350        10,164      52,216      44,518           7,698
      June                  -484     52,591      42,457        10,134      53,075      45,139           7,936
      September           -1,322     51,045      43,597         7,448      52,367      43,325           9,042
      December             8,304     57,005      47,841         9,164      48,701      40,176           8,525
  

(1) Net change is the difference between total gross job gains and total gross job losses.
