Table 1.  Private sector gross job gains and job losses, seasonally adjusted

New York

Total private                                

                                                  Gross job gains                       Gross job losses
Year  3 months ended  Net change (1) Total    Expanding      Opening      Total     Contracting      Closing
                                           establishments establishments           establishments establishments

1992  September           10,922    467,904     367,062       100,842     456,982     359,570          97,412
      December           -41,000    447,894     341,830       106,064     488,894     386,196         102,698
  
1993  March               25,812    509,195     382,395       126,800     483,383     352,278         131,105
      June                12,143    482,435     368,524       113,911     470,292     349,329         120,963
      September           42,185    505,636     393,650       111,986     463,451     353,250         110,201
      December           -10,741    463,507     359,851       103,656     474,248     371,802         102,446
  
1994  March               13,850    494,123     376,155       117,968     480,273     360,207         120,066
      June                28,178    491,409     376,782       114,627     463,231     355,225         108,006
      September           63,431    514,890     402,317       112,573     451,459     358,710          92,749
      December            -8,708    480,351     369,144       111,207     489,059     377,012         112,047
  
1995  March               50,021    534,038     405,044       128,994     484,017     365,408         118,609
      June               -23,481    471,999     363,608       108,391     495,480     383,163         112,317
      September           35,930    504,139     390,835       113,304     468,209     354,338         113,871
      December           -28,766    479,598     362,973       116,625     508,364     390,898         117,466
  
1996  March               51,961    543,660     396,708       146,952     491,699     364,819         126,880
      June                11,352    499,200     380,939       118,261     487,848     367,659         120,189
      September           35,499    524,014     396,719       127,295     488,515     364,946         123,569
      December            16,663    516,609     384,204       132,405     499,946     377,933         122,013
  
1997  March               54,578    541,052     406,784       134,268     486,474     353,097         133,377
      June                -5,651    493,738     376,033       117,705     499,389     369,535         129,854
      September           45,414    532,907     404,012       128,895     487,493     342,241         145,252
      December            40,528    531,476     391,126       140,350     490,948     371,787         119,161
  
1998  March               59,233    571,838     422,774       149,064     512,605     368,865         143,740
      June                12,414    523,535     399,031       124,504     511,121     377,359         133,762
      September           41,136    537,554     404,897       132,657     496,418     371,601         124,817
      December            37,674    522,851     402,684       120,167     485,177     367,343         117,834
  
1999  March               99,724    634,033     458,540       175,493     534,309     395,626         138,683
      June                -3,961    590,318     453,794       136,524     594,279     442,505         151,774
      September           16,768    593,163     454,885       138,278     576,395     414,736         161,659
      December            64,293    608,319     470,427       137,892     544,026     409,904         134,122
  
2000  March               80,172    630,912     472,407       158,505     550,740     424,235         126,505
      June                 7,366    561,552     444,072       117,480     554,186     422,671         131,515
      September           50,033    598,130     467,539       130,591     548,097     416,896         131,201
      December            24,575    586,985     462,690       124,295     562,410     431,529         130,881
  
2001  March                4,351    590,068     459,063       131,005     585,717     465,202         120,515
      June               -77,504    543,825     421,263       122,562     621,329     468,456         152,873
      September         -139,082    483,846     367,237       116,609     622,928     475,691         147,237
      December           -47,024    515,624     392,070       123,554     562,648     438,771         123,877
  
2002  March                   82    556,192     415,888       140,304     556,110     424,916         131,194
      June               -23,051    472,595     367,146       105,449     495,646     386,472         109,174
      September           -8,031    497,841     376,475       121,366     505,872     394,082         111,790
      December            -9,032    491,869     386,020       105,849     500,901     381,960         118,941
  
2003  March              -14,372    486,458     381,933       104,525     500,830     393,192         107,638
      June               -20,702    454,889     357,801        97,088     475,591     373,498         102,093
      September              974    471,626     370,083       101,543     470,652     367,370         103,282
      December            17,266    471,650     371,152       100,498     454,384     356,026          98,358
  
2004  March               26,888    488,680     388,478       100,202     461,792     362,830          98,962
      June                15,997    478,915     373,457       105,458     462,918     359,922         102,996
      September           33,983    505,374     387,377       117,997     471,391     367,395         103,996
      December            22,756    490,685     385,945       104,740     467,929     366,710         101,219
  
2005  March                8,353    489,770     387,046       102,724     481,417     377,837         103,580
      June                20,276    487,714     377,122       110,592     467,438     371,780          95,658
      September           36,248    500,633     393,259       107,374     464,385     369,594          94,791
      December            11,411    461,849     372,672        89,177     450,438     356,347          94,091
  
2006  March               16,704    474,669     380,322        94,347     457,965     360,377          97,588
      June                36,029    483,309     374,186       109,123     447,280     362,522          84,758
      September            4,764    455,914     360,745        95,169     451,150     367,605          83,545
      December            48,015    479,460     390,455        89,005     431,445     344,966          86,479
  
2007  March               15,225    467,016     378,818        88,198     451,791     361,036          90,755
      June                40,272    483,094     382,949       100,145     442,822     359,872          82,950
      September          -14,198    447,483     357,827        89,656     461,681     371,783          89,898
      December            53,537    488,231     397,913        90,318     434,694     349,812          84,882
  
2008  March                 -986    451,322     367,464        83,858     452,308     362,536          89,772
      June                 1,925    463,866     373,126        90,740     461,941     374,801          87,140
      September          -22,551    445,437     355,159        90,278     467,988     382,381          85,607
      December           -75,924    428,105     339,564        88,541     504,029     411,612          92,417
  
2009  March             -134,400    376,945     299,182        77,763     511,345     423,750          87,595
      June               -66,449    424,603     331,323        93,280     491,052     403,738          87,314
      September          -34,128    402,416     330,639        71,777     436,544     355,381          81,163
      December            -7,753    412,509     332,207        80,302     420,262     336,580          83,682
  
2010  March              -14,972    388,747     314,217        74,530     403,719     329,224          74,495
      June                51,713    445,084     358,238        86,846     393,371     317,673          75,698
      September           27,234    431,961     341,980        89,981     404,727     324,921          79,806
      December            30,832    443,509     350,840        92,669     412,677     331,527          81,150
  
2011  March               32,365    418,840     336,687        82,153     386,475     315,195          71,280
      June                52,455    459,628     369,565        90,063     407,173     319,447          87,726
      September           42,515    459,852     367,924        91,928     417,337     332,555          84,782
      December            11,056    432,808     344,473        88,335     421,752     335,922          85,830
  
2012  March               69,535    469,834     381,929        87,905     400,299     322,169          78,130
      June                32,726    462,866     368,603        94,263     430,140     342,779          87,361
      September           13,208    454,898     358,673        96,225     441,690     357,856          83,834
      December            25,992    465,936     369,130        96,806     439,944     348,240          91,704
  
2013  March               29,776    458,748     368,536        90,212     428,972     345,244          83,728
      June                48,321    471,529     374,139        97,390     423,208     337,522          85,686
      September           27,731    470,023     365,401       104,622     442,292     355,201          87,091
      December            50,147    489,243     393,280        95,963     439,096     347,609          91,487
  
2014  March               15,573    458,401     369,779        88,622     442,828     355,104          87,724
      June                64,450    495,608     395,220       100,388     431,158     345,142          86,016
      September           29,899    478,709     384,460        94,249     448,810     359,914          88,896
      December            53,930    492,992     398,926        94,066     439,062     348,104          90,958
  
2015  March                6,273    457,145     369,937        87,208     450,872     367,431          83,441
      June                63,801    506,936     411,480        95,456     443,135     360,150          82,985
      September           18,025    479,164     387,332        91,832     461,139     368,858          92,281
      December            47,817    492,726     398,087        94,639     444,909     349,429          95,480
  
2016  March               30,395    475,125     390,895        84,230     444,730     360,074          84,656
      June                29,759    482,639     392,151        90,488     452,880     365,617          87,263
      September           31,750    490,500     404,174        86,326     458,750     374,850          83,900
      December            11,375    472,712     382,616        90,096     461,337     369,514          91,823
  
2017  March               36,393    482,960     399,721        83,239     446,567     363,653          82,914
      June                59,978    512,229     413,571        98,658     452,251     364,620          87,631
      September            2,791    488,700     397,700        91,000     485,909     389,915          95,994
      December            26,067    483,363     393,114        90,249     457,296     355,184         102,112
  

(1) Net change is the difference between total gross job gains and total gross job losses.
