Table 1.  Private sector gross job gains and job losses, seasonally adjusted

Oklahoma

Total private                                

                                                  Gross job gains                       Gross job losses
Year  3 months ended  Net change (1) Total    Expanding      Opening      Total     Contracting      Closing
                                           establishments establishments           establishments establishments

1992  September           10,093     74,023      57,977        16,046      63,930      50,303          13,627
      December               183     72,967      55,818        17,149      72,784      55,504          17,280
  
1993  March                7,927     73,231      55,079        18,152      65,304      51,211          14,093
      June                 9,933     75,648      61,700        13,948      65,715      52,032          13,683
      September           10,246     78,736      60,977        17,759      68,490      52,596          15,894
      December             6,893     76,427      59,881        16,546      69,534      56,200          13,334
  
1994  March                3,387     80,870      61,438        19,432      77,483      56,302          21,181
      June                12,890     77,985      62,843        15,142      65,095      50,675          14,420
      September           11,927     80,736      63,187        17,549      68,809      54,572          14,237
      December             4,714     76,876      59,429        17,447      72,162      57,611          14,551
  
1995  March                5,938     80,669      60,614        20,055      74,731      59,926          14,805
      June                 8,877     81,325      62,694        18,631      72,448      53,751          18,697
      September            7,438     80,399      62,632        17,767      72,961      57,751          15,210
      December            10,380     84,024      65,612        18,412      73,644      55,343          18,301
  
1996  March               10,495     84,011      65,361        18,650      73,516      56,592          16,924
      June                11,220     84,726      63,717        21,009      73,506      56,190          17,316
      September            9,503     87,418      63,959        23,459      77,915      60,146          17,769
      December             5,309     83,578      65,919        17,659      78,269      58,522          19,747
  
1997  March               12,222     90,775      68,260        22,515      78,553      58,378          20,175
      June                 5,998     87,065      67,280        19,785      81,067      61,112          19,955
      September           10,424     85,948      73,972        11,976      75,524      61,446          14,078
      December            21,176    105,656      81,331        24,325      84,480      66,469          18,011
  
1998  March                9,414     97,873      77,725        20,148      88,459      67,984          20,475
      June                10,480     94,437      74,884        19,553      83,957      64,011          19,946
      September           -5,039     85,867      70,842        15,025      90,906      69,450          21,456
      December             1,631     92,483      73,110        19,373      90,852      65,503          25,349
  
1999  March               12,668    111,273      78,116        33,157      98,605      75,548          23,057
      June                -1,397     87,717      66,492        21,225      89,114      64,596          24,518
      September            2,531     94,087      74,960        19,127      91,556      66,403          25,153
      December             3,730     96,629      76,647        19,982      92,899      67,199          25,700
  
2000  March                2,159     89,355      69,259        20,096      87,196      67,510          19,686
      June                 7,179     90,333      73,647        16,686      83,154      67,061          16,093
      September            9,367     96,655      71,265        25,390      87,288      66,588          20,700
      December               477     93,862      70,140        23,722      93,385      71,196          22,189
  
2001  March               -3,483     96,228      76,239        19,989      99,711      74,574          25,137
      June                 6,812     99,309      74,426        24,883      92,497      73,814          18,683
      September           -8,547     95,272      64,765        30,507     103,819      76,817          27,002
      December           -15,917     84,745      65,683        19,062     100,662      74,498          26,164
  
2002  March               -3,699     88,953      65,718        23,235      92,652      71,662          20,990
      June                -3,399     89,320      67,874        21,446      92,719      71,997          20,722
      September           -5,729     85,561      61,568        23,993      91,290      70,396          20,894
      December           -12,002     79,517      62,422        17,095      91,519      69,122          22,397
  
2003  March              -10,475     77,723      61,064        16,659      88,198      67,941          20,257
      June                -7,607     80,468      61,801        18,667      88,075      68,820          19,255
      September            4,793     86,480      66,404        20,076      81,687      62,048          19,639
      December            -1,563     77,993      60,023        17,970      79,556      63,026          16,530
  
2004  March                7,839     88,133      68,112        20,021      80,294      60,832          19,462
      June                 3,545     87,673      63,146        24,527      84,128      62,891          21,237
      September            4,494     82,996      66,719        16,277      78,502      61,203          17,299
      December             9,567     82,004      65,866        16,138      72,437      56,922          15,515
  
2005  March                8,974     85,899      67,655        18,244      76,925      60,531          16,394
      June                 5,566     82,735      65,451        17,284      77,169      62,229          14,940
      September           10,570     85,461      67,693        17,768      74,891      58,533          16,358
      December            12,809     86,649      69,360        17,289      73,840      60,185          13,655
  
2006  March               15,322     87,659      71,819        15,840      72,337      59,563          12,774
      June                -1,559     85,893      67,410        18,483      87,452      66,670          20,782
      September            6,436     86,566      65,830        20,736      80,130      65,098          15,032
      December             5,568     87,098      69,433        17,665      81,530      63,624          17,906
  
2007  March               12,799     87,964      70,734        17,230      75,165      60,062          15,103
      June                -2,730     85,176      64,423        20,753      87,906      66,453          21,453
      September            6,808     82,555      65,041        17,514      75,747      62,070          13,677
      December             3,293     81,886      64,362        17,524      78,593      64,277          14,316
  
2008  March               12,641     86,785      71,079        15,706      74,144      59,959          14,185
      June                   705     82,583      64,449        18,134      81,878      66,815          15,063
      September            1,383     79,905      64,675        15,230      78,522      63,851          14,671
      December            -6,998     78,512      63,049        15,463      85,510      69,908          15,602
  
2009  March              -31,178     70,367      52,989        17,378     101,545      80,373          21,172
      June               -30,787     66,439      52,140        14,299      97,226      76,821          20,405
      September          -16,494     67,362      52,216        15,146      83,856      68,309          15,547
      December            -7,940     69,080      52,850        16,230      77,020      59,837          17,183
  
2010  March                1,645     69,561      53,674        15,887      67,916      55,300          12,616
      June                 8,940     74,630      60,214        14,416      65,690      53,109          12,581
      September            2,894     75,446      61,028        14,418      72,552      55,376          17,176
      December            14,391     77,881      61,164        16,717      63,490      52,124          11,366
  
2011  March                  756     71,799      57,477        14,322      71,043      56,884          14,159
      June                 7,953     74,749      61,401        13,348      66,796      56,320          10,476
      September           10,818     79,252      63,701        15,551      68,434      54,259          14,175
      December             5,660     75,717      59,069        16,648      70,057      54,732          15,325
  
2012  March               10,738     76,723      62,674        14,049      65,985      51,844          14,141
      June                 8,259     76,231      60,473        15,758      67,972      57,706          10,266
      September             -524     73,500      59,201        14,299      74,024      58,629          15,395
      December            13,382     81,803      65,976        15,827      68,421      56,136          12,285
  
2013  March                  207     73,976      58,965        15,011      73,769      58,876          14,893
      June                 6,399     78,813      61,553        17,260      72,414      58,711          13,703
      September            8,146     78,729      61,625        17,104      70,583      60,652           9,931
      December              -639     76,871      61,262        15,609      77,510      62,857          14,653
  
2014  March                5,693     77,677      63,005        14,672      71,984      57,892          14,092
      June                 4,441     78,755      63,936        14,819      74,314      61,059          13,255
      September            6,835     77,599      62,643        14,956      70,764      59,791          10,973
      December            15,632     85,283      68,578        16,705      69,651      57,082          12,569
  
2015  March               -6,601     72,821      58,728        14,093      79,422      67,371          12,051
      June                -6,629     76,522      62,295        14,227      83,151      69,185          13,966
      September           -1,491     76,319      61,696        14,623      77,810      63,621          14,189
      December            -2,506     79,550      63,835        15,715      82,056      65,842          16,214
  
2016  March               -7,860     72,625      58,511        14,114      80,485      67,418          13,067
      June               -12,203     72,166      57,429        14,737      84,369      68,405          15,964
      September            4,000     79,254      62,505        16,749      75,254      62,366          12,888
      December             3,078     81,574      64,197        17,377      78,496      61,925          16,571
  
2017  March               -3,021     78,427      62,627        15,800      81,448      59,638          21,810
      June                 8,718     82,854      62,495        20,359      74,136      60,560          13,576
      September            5,979     81,713      64,658        17,055      75,734      60,080          15,654
      December             6,852     80,947      65,706        15,241      74,095      58,930          15,165
  

(1) Net change is the difference between total gross job gains and total gross job losses.
