Table 1.  Private sector gross job gains and job losses, seasonally adjusted

Pennsylvania

Total private                                

                                                  Gross job gains                       Gross job losses
Year  3 months ended  Net change (1) Total    Expanding      Opening      Total     Contracting      Closing
                                           establishments establishments           establishments establishments

1992  September           33,153    321,769     243,926        77,843     288,616     216,025          72,591
      December           -10,143    278,404     217,626        60,778     288,547     230,964          57,583
  
1993  March                1,637    291,254     226,861        64,393     289,617     228,322          61,295
      June                 2,004    284,721     223,075        61,646     282,717     217,487          65,230
      September           47,446    314,165     246,083        68,082     266,719     206,432          60,287
      December              -201    287,637     225,984        61,653     287,838     225,408          62,430
  
1994  March               -2,469    299,075     224,157        74,918     301,544     231,905          69,639
      June                21,182    312,172     236,896        75,276     290,990     214,466          76,524
      September           54,459    322,811     252,416        70,395     268,352     214,196          54,156
      December             5,832    286,305     231,961        54,344     280,473     225,614          54,859
  
1995  March                 -819    288,638     227,267        61,371     289,457     235,967          53,490
      June                 4,750    295,927     221,904        74,023     291,177     231,567          59,610
      September           29,171    301,069     235,173        65,896     271,898     221,648          50,250
      December            -2,822    285,099     229,411        55,688     287,921     229,703          58,218
  
1996  March                1,263    295,283     233,880        61,403     294,020     240,100          53,920
      June                23,922    311,410     238,366        73,044     287,488     232,978          54,510
      September           29,547    309,649     245,936        63,713     280,102     217,625          62,477
      December            18,433    310,422     238,219        72,203     291,989     238,158          53,831
  
1997  March               25,277    313,566     243,159        70,407     288,289     231,985          56,304
      June                24,812    299,655     233,092        66,563     274,843     220,027          54,816
      September           45,988    332,117     243,325        88,792     286,129     229,034          57,095
      December            29,679    320,437     248,265        72,172     290,758     226,270          64,488
  
1998  March               22,988    330,291     250,789        79,502     307,303     234,952          72,351
      June                14,125    318,965     241,679        77,286     304,840     240,273          64,567
      September           11,201    307,197     243,494        63,703     295,996     233,792          62,204
      December            37,344    321,952     253,900        68,052     284,608     232,287          52,321
  
1999  March               20,563    330,437     258,830        71,607     309,874     244,340          65,534
      June                20,150    329,883     257,249        72,634     309,733     243,755          65,978
      September           12,983    338,572     261,003        77,569     325,589     254,916          70,673
      December            27,722    341,113     271,069        70,044     313,391     247,658          65,733
  
2000  March               45,042    356,405     271,616        84,789     311,363     248,035          63,328
      June                10,012    311,930     246,711        65,219     301,918     255,257          46,661
      September           26,261    338,214     261,258        76,956     311,953     252,111          59,842
      December            12,632    329,155     260,648        68,507     316,523     251,802          64,721
  
2001  March                7,454    332,226     271,374        60,852     324,772     264,538          60,234
      June               -38,304    324,641     250,424        74,217     362,945     289,472          73,473
      September          -33,954    313,269     242,986        70,283     347,223     275,407          71,816
      December           -34,186    311,963     238,960        73,003     346,149     277,339          68,810
  
2002  March               21,364    341,470     261,001        80,469     320,106     259,500          60,606
      June               -16,044    307,165     244,172        62,993     323,209     256,005          67,204
      September           -7,818    306,180     249,156        57,024     313,998     253,912          60,086
      December           -28,947    304,850     241,679        63,171     333,797     263,621          70,176
  
2003  March               -4,608    311,213     244,320        66,893     315,821     261,622          54,199
      June               -15,332    296,757     242,341        54,416     312,089     251,629          60,460
      September            1,309    299,349     239,099        60,250     298,040     243,388          54,652
      December             4,284    301,515     238,209        63,306     297,231     242,122          55,109
  
2004  March               19,640    308,298     247,736        60,562     288,658     235,517          53,141
      June                 8,317    296,582     242,474        54,108     288,265     229,699          58,566
      September           12,330    300,880     243,451        57,429     288,550     234,407          54,143
      December            18,588    301,142     242,087        59,055     282,554     231,000          51,554
  
2005  March                8,498    293,876     232,530        61,346     285,378     232,286          53,092
      June                 1,671    302,527     248,191        54,336     300,856     236,819          64,037
      September           29,475    311,370     247,208        64,162     281,895     235,403          46,492
      December             2,491    293,070     239,025        54,045     290,579     242,842          47,737
  
2006  March               33,620    301,898     245,702        56,196     268,278     218,438          49,840
      June                 4,664    286,298     237,938        48,360     281,634     234,859          46,775
      September           10,472    284,284     234,008        50,276     273,812     231,224          42,588
      December            10,068    287,053     239,081        47,972     276,985     234,608          42,377
  
2007  March               16,558    293,272     245,727        47,545     276,714     231,672          45,042
      June                20,039    297,848     248,653        49,195     277,809     230,787          47,022
      September          -12,974    271,339     223,012        48,327     284,313     238,319          45,994
      December            13,220    291,354     241,803        49,551     278,134     233,968          44,166
  
2008  March               -1,885    272,232     225,207        47,025     274,117     227,325          46,792
      June                -3,931    285,479     234,263        51,216     289,410     241,868          47,542
      September          -21,445    270,666     222,080        48,586     292,111     247,361          44,750
      December           -60,112    256,387     213,297        43,090     316,499     270,367          46,132
  
2009  March              -93,925    226,657     186,506        40,151     320,582     273,023          47,559
      June               -55,587    250,357     206,657        43,700     305,944     260,831          45,113
      September          -23,916    258,092     215,333        42,759     282,008     234,047          47,961
      December            -3,272    267,745     222,775        44,970     271,017     228,092          42,925
  
2010  March                  194    255,809     214,926        40,883     255,615     213,353          42,262
      June                35,360    275,944     230,279        45,665     240,584     206,585          33,999
      September           23,408    273,989     228,681        45,308     250,581     212,350          38,231
      December            29,384    286,824     235,764        51,060     257,440     215,447          41,993
  
2011  March               14,909    258,816     220,226        38,590     243,907     204,622          39,285
      June                26,571    276,199     227,693        48,506     249,628     206,348          43,280
      September            3,102    268,307     229,900        38,407     265,205     216,787          48,418
      December            27,304    276,891     218,617        58,274     249,587     204,734          44,853
  
2012  March               45,184    292,088     242,070        50,018     246,904     205,673          41,231
      June                -2,767    264,211     216,631        47,580     266,978     223,750          43,228
      September             -360    265,019     219,401        45,618     265,379     221,345          44,034
      December            10,635    264,181     213,090        51,091     253,546     212,407          41,139
  
2013  March                5,820    271,152     228,812        42,340     265,332     208,101          57,231
      June                 7,508    261,858     216,356        45,502     254,350     210,407          43,943
      September             -366    256,986     212,639        44,347     257,352     216,548          40,804
      December            12,900    266,939     221,625        45,314     254,039     211,585          42,454
  
2014  March               11,723    257,144     214,059        43,085     245,421     209,027          36,394
      June                32,469    274,406     231,423        42,983     241,937     205,248          36,689
      September            2,625    256,658     218,724        37,934     254,033     214,222          39,811
      December            36,583    278,645     235,448        43,197     242,062     203,854          38,208
  
2015  March              -23,599    241,793     202,816        38,977     265,392     223,383          42,009
      June                31,628    279,227     235,284        43,943     247,599     210,201          37,398
      September             -450    266,038     223,669        42,369     266,488     225,750          40,738
      December            29,286    288,335     241,463        46,872     259,049     216,571          42,478
  
2016  March                7,810    273,803     230,046        43,757     265,993     225,217          40,776
      June                -5,160    268,296     226,099        42,197     273,456     234,362          39,094
      September           26,899    285,638     239,132        46,506     258,739     221,540          37,199
      December            13,941    274,781     229,901        44,880     260,840     220,151          40,689
  
2017  March               14,213    268,559     225,943        42,616     254,346     217,004          37,342
      June                17,635    281,457     238,869        42,588     263,822     225,454          38,368
      September           15,171    279,310     241,191        38,119     264,139     223,048          41,091
      December            29,895    280,880     235,131        45,749     250,985     210,154          40,831
  

(1) Net change is the difference between total gross job gains and total gross job losses.
