Table 1.  Private sector gross job gains and job losses, seasonally adjusted

South Carolina

Total private                                

                                                  Gross job gains                       Gross job losses
Year  3 months ended  Net change (1) Total    Expanding      Opening      Total     Contracting      Closing
                                           establishments establishments           establishments establishments

1992  September           10,771     90,834      73,782        17,052      80,063      65,122          14,941
      December              -221     83,615      66,863        16,752      83,836      68,432          15,404
  
1993  March                4,494     89,221      70,050        19,171      84,727      68,533          16,194
      June                21,840     97,767      78,001        19,766      75,927      61,952          13,975
      September           12,614     95,486      76,636        18,850      82,872      67,770          15,102
      December             3,311     93,965      73,200        20,765      90,654      72,956          17,698
  
1994  March                8,792     92,652      72,790        19,862      83,860      70,109          13,751
      June                15,737    100,208      80,271        19,937      84,471      68,233          16,238
      September           17,421    100,366      81,175        19,191      82,945      68,697          14,248
      December             7,341     99,617      79,624        19,993      92,276      76,726          15,550
  
1995  March               11,396    102,893      81,445        21,448      91,497      76,325          15,172
      June                 8,751    103,910      80,486        23,424      95,159      78,517          16,642
      September           11,031    107,027      83,683        23,344      95,996      78,255          17,741
      December             5,359    102,626      79,288        23,338      97,267      80,597          16,670
  
1996  March                3,970    106,522      84,080        22,442     102,552      83,479          19,073
      June                15,186    112,965      89,144        23,821      97,779      76,478          21,301
      September           14,241    109,926      89,485        20,441      95,685      79,656          16,029
      December             7,992    107,811      88,626        19,185      99,819      81,503          18,316
  
1997  March               15,765    114,464      88,386        26,078      98,699      80,913          17,786
      June                 3,970    107,123      84,534        22,589     103,153      81,466          21,687
      September           10,732    119,418      97,153        22,265     108,686      80,810          27,876
      December            14,740    118,964      92,248        26,716     104,224      82,481          21,743
  
1998  March                6,047    116,055      92,022        24,033     110,008      83,974          26,034
      June                 6,905    128,948      89,577        39,371     122,043      94,875          27,168
      September           16,936    126,881      99,613        27,268     109,945      84,363          25,582
      December            11,129    126,408      93,965        32,443     115,279      89,783          25,496
  
1999  March                9,331    131,114      97,304        33,810     121,783      93,226          28,557
      June                 5,296    117,574      91,182        26,392     112,278      87,347          24,931
      September            1,550    117,999      94,997        23,002     116,449      94,127          22,322
      December            20,472    126,615     103,312        23,303     106,143      86,771          19,372
  
2000  March                6,726    114,674      93,388        21,286     107,948      87,429          20,519
      June                 8,274    119,527      94,591        24,936     111,253      88,362          22,891
      September          -27,691    109,764      89,438        20,326     137,455      94,861          42,594
      December            14,018    124,730      88,004        36,726     110,712      90,266          20,446
  
2001  March              -12,700    112,516      86,649        25,867     125,216      95,500          29,716
      June               -19,481     84,490      70,471        14,019     103,971      89,175          14,796
      September              668    123,062      91,927        31,135     122,394     100,542          21,852
      December           -23,040     97,242      78,142        19,100     120,282      96,541          23,741
  
2002  March                1,793    115,266      87,696        27,570     113,473      87,169          26,304
      June                 5,582    116,151      86,621        29,530     110,569      88,374          22,195
      September           -2,357    103,091      81,541        21,550     105,448      85,844          19,604
      December               235    105,027      82,707        22,320     104,792      87,733          17,059
  
2003  March                2,751    108,035      85,040        22,995     105,284      88,802          16,482
      June                -3,674     97,779      80,720        17,059     101,453      87,262          14,191
      September            1,216    101,006      82,865        18,141      99,790      82,906          16,884
      December             5,550    104,237      83,100        21,137      98,687      81,671          17,016
  
2004  March                5,717    105,235      87,565        17,670      99,518      78,073          21,445
      June                10,412    109,527      86,560        22,967      99,115      81,785          17,330
      September            3,979    105,095      86,239        18,856     101,116      80,854          20,262
      December             7,412    108,207      87,140        21,067     100,795      82,330          18,465
  
2005  March                2,432    106,140      87,029        19,111     103,708      84,963          18,745
      June                  -224    106,732      86,567        20,165     106,956      84,436          22,520
      September           13,220    111,445      89,403        22,042      98,225      78,107          20,118
      December               -53    112,587      89,450        23,137     112,640      84,814          27,826
  
2006  March               15,427    113,297      88,981        24,316      97,870      75,807          22,063
      June                 2,810    113,317      84,282        29,035     110,507      84,952          25,555
      September           20,322    123,469      84,027        39,442     103,147      81,051          22,096
      December            13,237    110,050      89,282        20,768      96,813      82,719          14,094
  
2007  March               15,051    116,726      93,864        22,862     101,675      85,012          16,663
      June                -2,193    103,768      88,059        15,709     105,961      86,758          19,203
      September           -1,264     99,313      80,769        18,544     100,577      85,183          15,394
      December            -2,918    103,084      84,557        18,527     106,002      88,359          17,643
  
2008  March               -1,065    100,991      83,174        17,817     102,056      84,625          17,431
      June               -16,205     92,509      75,131        17,378     108,714      92,618          16,096
      September          -20,419     88,367      72,232        16,135     108,786      90,802          17,984
      December           -38,223     86,628      69,806        16,822     124,851     103,721          21,130
  
2009  March              -43,259     79,878      63,502        16,376     123,137     103,039          20,098
      June               -24,547     84,923      68,284        16,639     109,470      92,473          16,997
      September          -11,284     83,928      68,216        15,712      95,212      79,042          16,170
      December            -6,461     86,599      70,735        15,864      93,060      77,007          16,053
  
2010  March                2,561     89,705      73,135        16,570      87,144      70,771          16,373
      June                 9,832     95,970      79,946        16,024      86,138      71,416          14,722
      September            5,552     90,564      74,621        15,943      85,012      70,829          14,183
      December             5,639     89,536      74,119        15,417      83,897      68,800          15,097
  
2011  March                7,478     87,787      72,522        15,265      80,309      66,290          14,019
      June                 7,239     92,566      76,194        16,372      85,327      71,424          13,903
      September            4,489     91,265      73,742        17,523      86,776      73,806          12,970
      December             6,191     89,931      73,426        16,505      83,740      70,431          13,309
  
2012  March               14,273     94,848      79,419        15,429      80,575      67,091          13,484
      June                 2,290     89,125      74,996        14,129      86,835      73,622          13,213
      September             -675     85,965      70,800        15,165      86,640      72,842          13,798
      December            14,323     95,195      79,637        15,558      80,872      67,834          13,038
  
2013  March                4,384     88,842      74,835        14,007      84,458      70,823          13,635
      June                14,851     95,767      78,393        17,374      80,916      68,799          12,117
      September           10,045     93,978      79,033        14,945      83,933      72,235          11,698
      December            16,489    100,091      85,761        14,330      83,602      68,699          14,903
  
2014  March                8,582     97,522      79,618        17,904      88,940      76,687          12,253
      June                 8,926     99,013      83,792        15,221      90,087      74,433          15,654
      September            4,746     94,483      78,504        15,979      89,737      74,851          14,886
      December            27,628    106,596      90,440        16,156      78,968      66,270          12,698
  
2015  March                2,320     91,025      76,091        14,934      88,705      76,303          12,402
      June                16,390    103,722      87,302        16,420      87,332      74,172          13,160
      September            4,710     98,726      80,840        17,886      94,016      79,347          14,669
      December            29,473    115,134      93,497        21,637      85,661      71,820          13,841
  
2016  March                  671     98,954      80,841        18,113      98,283      83,806          14,477
      June                 8,047    102,914      86,202        16,712      94,867      80,078          14,789
      September           11,291    104,404      86,159        18,245      93,113      77,641          15,472
      December            18,528    108,676      88,928        19,748      90,148      75,416          14,732
  
2017  March                8,068    100,891      83,601        17,290      92,823      79,937          12,886
      June                 2,589    102,376      84,964        17,412      99,787      85,345          14,442
      September          -10,304     96,040      80,205        15,835     106,344      90,272          16,072
      December            30,061    116,023      95,560        20,463      85,962      70,563          15,399
  

(1) Net change is the difference between total gross job gains and total gross job losses.
