Table 1.  Private sector gross job gains and job losses, seasonally adjusted

Connecticut

Total private                                

                                                  Gross job gains                       Gross job losses
Year  3 months ended  Net change (1) Total    Expanding      Opening      Total     Contracting      Closing
                                           establishments establishments           establishments establishments

1992  September           13,714     92,511      74,035        18,476      78,797      64,978          13,819
      December           -10,588     82,798      66,076        16,722      93,386      75,682          17,704
  
1993  March               10,757     95,979      72,464        23,515      85,222      74,986          10,236
      June                -5,505     87,367      69,929        17,438      92,872      72,160          20,712
      September           15,760     98,328      81,265        17,063      82,568      66,546          16,022
      December              -177     92,905      73,616        19,289      93,082      72,230          20,852
  
1994  March                  583     89,890      71,939        17,951      89,307      72,812          16,495
      June                   615     91,823      71,949        19,874      91,208      76,398          14,810
      September           12,782     98,438      80,204        18,234      85,656      68,897          16,759
      December             6,100     94,289      74,022        20,267      88,189      71,546          16,643
  
1995  March                7,854     96,332      78,943        17,389      88,478      73,059          15,419
      June                -6,444     85,844      67,561        18,283      92,288      80,948          11,340
      September           13,590     96,960      78,783        18,177      83,370      70,232          13,138
      December              -920     93,682      77,188        16,494      94,602      77,755          16,847
  
1996  March                5,483     99,302      79,497        19,805      93,819      79,660          14,159
      June                 3,419     95,027      75,404        19,623      91,608      75,000          16,608
      September           11,930    105,172      85,745        19,427      93,242      72,429          20,813
      December            20,556    111,649      82,671        28,978      91,093      75,355          15,738
  
1997  March               14,620    108,434      90,473        17,961      93,814      78,396          15,418
      June                -3,518     88,823      71,009        17,814      92,341      76,342          15,999
      September            7,635    103,503      84,637        18,866      95,868      73,857          22,011
      December            11,549    103,298      83,344        19,954      91,749      74,287          17,462
  
1998  March               14,124    107,076      88,468        18,608      92,952      75,108          17,844
      June                -4,847     94,725      74,474        20,251      99,572      80,718          18,854
      September            4,581     96,655      79,535        17,120      92,074      77,870          14,204
      December            13,577     99,406      83,652        15,754      85,829      73,631          12,198
  
1999  March               14,135    107,984      89,272        18,712      93,849      76,833          17,016
      June                -6,014     92,334      76,058        16,276      98,348      80,711          17,637
      September            4,719     94,809      78,827        15,982      90,090      75,422          14,668
      December             6,714     94,768      81,191        13,577      88,054      72,675          15,379
  
2000  March               14,410    110,551      90,313        20,238      96,141      78,459          17,682
      June                -3,827     92,622      78,399        14,223      96,449      78,346          18,103
      September            7,904     98,726      80,448        18,278      90,822      76,888          13,934
      December            -1,053     92,490      78,059        14,431      93,543      71,367          22,176
  
2001  March              -19,655     95,371      77,404        17,967     115,026      76,384          38,642
      June                -8,939     89,176      73,242        15,934      98,115      80,576          17,539
      September           -6,328     84,474      69,501        14,973      90,802      81,328           9,474
      December            -4,794     83,369      70,162        13,207      88,163      78,480           9,683
  
2002  March                1,679     89,065      75,433        13,632      87,386      75,118          12,268
      June                -7,385     79,060      67,203        11,857      86,445      75,350          11,095
      September           -6,805     79,735      67,095        12,640      86,540      74,024          12,516
      December            -8,728     78,843      67,250        11,593      87,571      75,479          12,092
  
2003  March               -7,860     76,168      63,689        12,479      84,028      73,861          10,167
      June                -4,774     81,302      70,794        10,508      86,076      74,447          11,629
      September              -38     81,010      70,339        10,671      81,048      69,247          11,801
      December             1,985     80,659      68,595        12,064      78,674      68,214          10,460
  
2004  March                4,968     85,995      71,085        14,910      81,027      70,081          10,946
      June                 4,582     81,917      69,806        12,111      77,335      66,536          10,799
      September            2,798     82,595      71,799        10,796      79,797      67,356          12,441
      December            -4,168     82,260      69,480        12,780      86,428      69,814          16,614
  
2005  March                7,139     86,403      69,446        16,957      79,264      68,923          10,341
      June                 2,914     82,830      72,537        10,293      79,916      69,820          10,096
      September             -621     82,152      70,790        11,362      82,773      72,481          10,292
      December             2,004     80,097      67,252        12,845      78,093      68,744           9,349
  
2006  March                7,803     82,872      70,875        11,997      75,069      66,819           8,250
      June                 1,318     85,627      74,602        11,025      84,309      72,398          11,911
      September              -90     81,744      70,372        11,372      81,834      71,459          10,375
      December             7,730     84,497      73,677        10,820      76,767      68,045           8,722
  
2007  March               -1,326     81,210      67,900        13,310      82,536      72,717           9,819
      June                 8,879     87,745      76,794        10,951      78,866      68,741          10,125
      September           -4,134     78,809      68,086        10,723      82,943      72,997           9,946
      December             2,716     84,549      72,845        11,704      81,833      72,524           9,309
  
2008  March                2,837     79,552      69,560         9,992      76,715      67,752           8,963
      June                -5,723     79,551      71,015         8,536      85,274      75,572           9,702
      September          -13,765     74,175      63,516        10,659      87,940      77,633          10,307
      December           -20,005     71,463      60,571        10,892      91,468      82,244           9,224
  
2009  March              -28,699     64,465      54,991         9,474      93,164      82,797          10,367
      June               -18,337     69,097      60,568         8,529      87,434      76,813          10,621
      September           -9,246     70,210      60,949         9,261      79,456      68,609          10,847
      December            -5,497     70,887      61,646         9,241      76,384      68,338           8,046
  
2010  March              -13,111     69,519      60,528         8,991      82,630      65,923          16,707
      June                15,042     82,816      67,753        15,063      67,774      61,981           5,793
      September            5,974     72,276      62,360         9,916      66,302      60,824           5,478
      December             2,527     74,103      64,247         9,856      71,576      62,571           9,005
  
2011  March                 -313     69,115      60,869         8,246      69,428      60,184           9,244
      June                 8,409     76,931      66,090        10,841      68,522      60,108           8,414
      September            5,618     74,494      63,763        10,731      68,876      61,849           7,027
      December             1,359     72,555      62,452        10,103      71,196      62,759           8,437
  
2012  March                9,364     77,552      67,456        10,096      68,188      59,133           9,055
      June                 5,336     74,832      64,525        10,307      69,496      60,503           8,993
      September           -1,358     73,061      62,902        10,159      74,419      65,102           9,317
      December             4,494     75,616      65,285        10,331      71,122      62,592           8,530
  
2013  March                  108     72,557      62,938         9,619      72,449      62,612           9,837
      June                10,421     78,305      66,945        11,360      67,884      59,686           8,198
      September             -780     74,562      64,493        10,069      75,342      66,723           8,619
      December            -2,797     72,981      62,551        10,430      75,778      66,188           9,590
  
2014  March                1,220     72,200      63,582         8,618      70,980      62,091           8,889
      June                10,343     79,415      66,752        12,663      69,072      61,044           8,028
      September               24     73,840      63,722        10,118      73,816      64,349           9,467
      December             3,074     76,585      66,498        10,087      73,511      64,283           9,228
  
2015  March               -4,842     68,250      60,207         8,043      73,092      66,357           6,735
      June                 9,903     80,918      70,104        10,814      71,015      62,196           8,819
      September          -10,999     72,563      61,996        10,567      83,562      72,296          11,266
      December             6,546     77,260      66,406        10,854      70,714      61,716           8,998
  
2016  March                3,090     74,868      65,053         9,815      71,778      64,538           7,240
      June                 1,031     77,561      68,640         8,921      76,530      66,641           9,889
      September           -1,357     74,841      64,900         9,941      76,198      66,697           9,501
      December            -2,314     72,719      62,342        10,377      75,033      66,245           8,788
  
2017  March                5,889     79,177      68,871        10,306      73,288      65,885           7,403
      June                 9,082     82,321      71,961        10,360      73,239      64,157           9,082
      September           -5,794     75,866      65,152        10,714      81,660      71,421          10,239
      December             2,123     75,860      65,857        10,003      73,737      64,653           9,084
  

(1) Net change is the difference between total gross job gains and total gross job losses.
