Table 1.  Private sector gross job gains and job losses, seasonally adjusted

Florida

Total private                                

                                                  Gross job gains                       Gross job losses
Year  3 months ended  Net change (1) Total    Expanding      Opening      Total     Contracting      Closing
                                           establishments establishments           establishments establishments

1992  September           33,173    418,534     316,757       101,777     385,361     295,920          89,441
      December            62,902    428,325     332,903        95,422     365,423     279,751          85,672
  
1993  March               70,673    444,091     340,755       103,336     373,418     291,275          82,143
      June                53,153    446,361     351,014        95,347     393,208     297,286          95,922
      September           48,194    445,279     343,446       101,833     397,085     302,085          95,000
      December            39,302    441,643     339,052       102,591     402,341     306,935          95,406
  
1994  March               72,178    469,592     369,370       100,222     397,414     308,369          89,045
      June                37,273    446,401     342,280       104,121     409,128     310,203          98,925
      September           81,597    470,317     359,524       110,793     388,720     303,464          85,256
      December            31,000    444,558     352,145        92,413     413,558     318,248          95,310
  
1995  March               64,479    485,163     371,145       114,018     420,684     327,326          93,358
      June                -2,873    437,361     337,284       100,077     440,234     339,044         101,190
      September           63,711    453,644     360,997        92,647     389,933     300,476          89,457
      December            45,824    460,492     359,591       100,901     414,668     322,514          92,154
  
1996  March               33,001    526,178     377,996       148,182     493,177     379,924         113,253
      June                30,375    480,399     363,287       117,112     450,024     334,338         115,686
      September           28,512    487,498     381,796       105,702     458,986     357,459         101,527
      December            98,245    521,810     362,372       159,438     423,565     317,876         105,689
  
1997  March               36,558    521,340     401,371       119,969     484,782     358,284         126,498
      June                65,520    517,645     384,240       133,405     452,125     336,239         115,886
      September           98,414    564,422     428,942       135,480     466,008     328,411         137,597
      December           -43,093    525,733     407,682       118,051     568,826     346,499         222,327
  
1998  March               34,096    555,235     389,919       165,316     521,139     359,647         161,492
      June               134,218    578,529     388,455       190,074     444,311     341,985         102,326
      September           70,143    532,405     390,971       141,434     462,262     343,271         118,991
      December            56,245    534,393     403,245       131,148     478,148     330,375         147,773
  
1999  March               13,432    556,622     433,466       123,156     543,190     383,197         159,993
      June                87,944    533,741     388,127       145,614     445,797     322,667         123,130
      September           -4,717    474,911     356,430       118,481     479,628     344,006         135,622
      December            66,589    499,874     381,223       118,651     433,285     302,510         130,775
  
2000  March               75,727    559,406     405,597       153,809     483,679     350,270         133,409
      June                44,241    515,272     402,049       113,223     471,031     362,292         108,739
      September           55,294    523,578     396,996       126,582     468,284     363,335         104,949
      December            25,196    500,946     368,242       132,704     475,750     375,216         100,534
  
2001  March               51,863    583,179     395,925       187,254     531,316     353,515         177,801
      June               -17,732    476,135     366,992       109,143     493,867     365,373         128,494
      September          -12,932    473,904     350,999       122,905     486,836     366,143         120,693
      December           -61,167    448,527     336,901       111,626     509,694     396,705         112,989
  
2002  March                3,093    523,644     386,255       137,389     520,551     390,794         129,757
      June                26,029    505,326     357,008       148,318     479,297     350,329         128,968
      September           38,721    521,217     397,396       123,821     482,496     363,772         118,724
      December            23,908    496,821     370,154       126,667     472,913     356,472         116,441
  
2003  March               13,823    548,315     421,240       127,075     534,492     392,300         142,192
      June                -7,849    450,763     352,576        98,187     458,612     342,284         116,328
      September           40,552    473,193     368,218       104,975     432,641     320,415         112,226
      December            24,669    486,560     370,956       115,604     461,891     345,996         115,895
  
2004  March               53,822    567,885     401,547       166,338     514,063     395,317         118,746
      June               123,919    573,978     436,387       137,591     450,059     322,755         127,304
      September          -32,207    480,542     357,589       122,953     512,749     377,691         135,058
      December           139,977    559,284     417,913       141,371     419,307     305,412         113,895
  
2005  March               64,514    540,543     423,857       116,686     476,029     359,938         116,091
      June                92,568    539,057     396,660       142,397     446,489     339,231         107,258
      September           86,642    561,254     422,195       139,059     474,612     339,461         135,151
      December            18,874    501,632     371,851       129,781     482,758     371,175         111,583
  
2006  March               84,768    517,669     402,286       115,383     432,901     332,179         100,722
      June                27,836    519,709     398,492       121,217     491,873     371,414         120,459
      September            9,120    495,612     381,763       113,849     486,492     372,657         113,835
      December           -16,282    489,142     372,622       116,520     505,424     391,764         113,660
  
2007  March               24,887    499,689     377,002       122,687     474,802     362,420         112,382
      June               -42,901    491,532     361,171       130,361     534,433     395,032         139,401
      September          -74,837    479,373     348,467       130,906     554,210     417,108         137,102
      December           -43,625    478,039     354,009       124,030     521,664     403,250         118,414
  
2008  March              -48,249    468,846     328,233       140,613     517,095     392,051         125,044
      June              -124,208    454,395     326,064       128,331     578,603     406,534         172,069
      September         -126,948    438,318     305,551       132,767     565,266     415,635         149,631
      December          -150,752    431,457     302,764       128,693     582,209     439,792         142,417
  
2009  March             -151,767    374,034     262,240       111,794     525,801     399,434         126,367
      June               -96,378    393,620     283,978       109,642     489,998     366,135         123,863
      September          -87,773    393,791     280,093       113,698     481,564     357,371         124,193
      December           -11,092    427,903     309,195       118,708     438,995     322,161         116,834
  
2010  March               -8,406    384,678     288,401        96,277     393,084     300,454          92,630
      June                27,570    427,846     323,980       103,866     400,276     297,407         102,869
      September          -15,635    411,714     304,294       107,420     427,349     310,934         116,415
      December            38,463    447,088     326,331       120,757     408,625     292,836         115,789
  
2011  March               20,488    398,010     303,419        94,591     377,522     280,611          96,911
      June                33,477    429,307     319,182       110,125     395,830     295,337         100,493
      September           50,308    440,342     326,635       113,707     390,034     290,342          99,692
      December            24,277    434,643     315,940       118,703     410,366     299,878         110,488
  
2012  March               56,707    421,891     319,494       102,397     365,184     277,938          87,246
      June                36,460    429,672     319,450       110,222     393,212     302,215          90,997
      September           29,840    453,236     337,407       115,829     423,396     309,110         114,286
      December            53,586    452,385     336,487       115,898     398,799     293,064         105,735
  
2013  March               37,659    430,559     328,998       101,561     392,900     289,674         103,226
      June                52,633    460,613     342,716       117,897     407,980     304,807         103,173
      September           53,751    453,108     336,427       116,681     399,357     298,568         100,789
      December            61,359    457,251     346,964       110,287     395,892     295,581         100,311
  
2014  March               46,731    430,835     331,646        99,189     384,104     292,952          91,152
      June                65,689    479,206     366,031       113,175     413,517     307,265         106,252
      September           83,705    490,035     370,072       119,963     406,330     307,249          99,081
      December            75,825    483,226     368,136       115,090     407,401     299,966         107,435
  
2015  March               51,369    439,431     337,737       101,694     388,062     296,489          91,573
      June                70,371    481,900     372,196       109,704     411,529     313,742          97,787
      September           71,689    482,205     369,139       113,066     410,516     311,786          98,730
      December            98,018    510,236     385,400       124,836     412,218     307,694         104,524
  
2016  March               32,571    444,007     337,251       106,756     411,436     319,431          92,005
      June                35,748    464,716     365,979        98,737     428,968     326,108         102,860
      September          112,035    539,960     406,070       133,890     427,925     315,568         112,357
      December            41,985    487,710     365,909       121,801     445,725     335,947         109,778
  
2017  March               35,932    445,222     344,941       100,281     409,290     319,032          90,258
      June                36,819    487,806     380,000       107,806     450,987     345,049         105,938
      September         -133,491    417,099     311,858       105,241     550,590     424,235         126,355
      December           214,372    601,026     461,816       139,210     386,654     284,518         102,136
  

(1) Net change is the difference between total gross job gains and total gross job losses.
