Table 1.  Private sector gross job gains and job losses, seasonally adjusted

New Hampshire

Total private                                

                                                  Gross job gains                       Gross job losses
Year  3 months ended  Net change (1) Total    Expanding      Opening      Total     Contracting      Closing
                                           establishments establishments           establishments establishments

1992  September            7,659     40,139      30,235         9,904      32,480      23,004           9,476
      December               574     34,283      26,076         8,207      33,709      27,457           6,252
  
1993  March                 -115     35,282      27,557         7,725      35,397      27,801           7,596
      June                 3,129     37,037      28,406         8,631      33,908      25,529           8,379
      September           10,088     40,318      31,411         8,907      30,230      24,187           6,043
      December             2,855     37,114      27,806         9,308      34,259      27,515           6,744
  
1994  March                5,041     38,888      30,819         8,069      33,847      26,495           7,352
      June                 3,996     37,756      29,734         8,022      33,760      27,098           6,662
      September           11,591     44,226      35,644         8,582      32,635      25,852           6,783
      December             2,695     39,426      29,512         9,914      36,731      29,759           6,972
  
1995  March                4,435     40,154      30,270         9,884      35,719      28,260           7,459
      June                 1,973     37,377      29,344         8,033      35,404      28,840           6,564
      September            7,933     42,646      33,765         8,881      34,713      27,283           7,430
      December             2,869     38,713      31,168         7,545      35,844      29,101           6,743
  
1996  March                2,298     43,387      35,544         7,843      41,089      30,294          10,795
      June                 1,994     40,352      32,054         8,298      38,358      30,412           7,946
      September            4,840     41,037      33,520         7,517      36,197      28,288           7,909
      December             2,747     39,131      30,801         8,330      36,384      29,433           6,951
  
1997  March                5,117     41,219      33,395         7,824      36,102      28,278           7,824
      June                 3,911     38,773      31,275         7,498      34,862      28,515           6,347
      September            6,690     42,476      33,170         9,306      35,786      29,460           6,326
      December             4,150     42,047      33,538         8,509      37,897      30,251           7,646
  
1998  March                5,640     43,484      32,887        10,597      37,844      30,075           7,769
      June                  -217     38,493      29,813         8,680      38,710      30,476           8,234
      September            5,264     43,995      35,238         8,757      38,731      30,722           8,009
      December             7,097     43,400      35,479         7,921      36,303      29,202           7,101
  
1999  March                3,505     45,373      36,179         9,194      41,868      34,364           7,504
      June                 1,195     41,090      32,692         8,398      39,895      32,169           7,726
      September            3,548     44,520      35,252         9,268      40,972      30,731          10,241
      December             4,244     43,298      34,436         8,862      39,054      31,046           8,008
  
2000  March                7,409     48,389      37,940        10,449      40,980      32,527           8,453
      June                   116     42,852      34,742         8,110      42,736      34,875           7,861
      September              858     42,792      33,806         8,986      41,934      32,463           9,471
      December             6,214     45,152      36,622         8,530      38,938      30,742           8,196
  
2001  March                4,495     49,533      38,245        11,288      45,038      36,173           8,865
      June                -9,183     42,087      33,381         8,706      51,270      40,391          10,879
      September           -7,490     39,837      30,788         9,049      47,327      37,790           9,537
      December            -3,178     39,888      32,116         7,772      43,066      35,584           7,482
  
2002  March                2,406     44,813      35,967         8,846      42,407      33,172           9,235
      June                -4,444     38,366      29,474         8,892      42,810      35,046           7,764
      September              440     38,174      31,150         7,024      37,734      30,560           7,174
      December            -2,403     39,135      31,652         7,483      41,538      34,134           7,404
  
2003  March                  -22     39,803      31,201         8,602      39,825      32,322           7,503
      June                  -277     36,931      30,264         6,667      37,208      30,205           7,003
      September            4,084     39,966      31,510         8,456      35,882      28,969           6,913
      December             1,986     39,193      30,710         8,483      37,207      30,355           6,852
  
2004  March                4,220     41,617      34,159         7,458      37,397      30,418           6,979
      June                 1,536     38,796      30,958         7,838      37,260      30,499           6,761
      September            3,409     40,957      33,185         7,772      37,548      30,857           6,691
      December               160     39,920      32,092         7,828      39,760      31,250           8,510
  
2005  March               -1,105     39,660      31,597         8,063      40,765      33,710           7,055
      June                 3,691     40,541      32,784         7,757      36,850      29,699           7,151
      September            1,349     39,699      32,626         7,073      38,350      31,102           7,248
      December               -90     39,431      31,356         8,075      39,521      32,534           6,987
  
2006  March                4,931     42,169      31,769        10,400      37,238      31,313           5,925
      June                   -83     39,535      31,998         7,537      39,618      32,480           7,138
      September           -2,403     38,056      30,866         7,190      40,459      33,977           6,482
      December             2,436     39,497      32,087         7,410      37,061      30,946           6,115
  
2007  March                   -6     38,141      31,517         6,624      38,147      31,865           6,282
      June                 1,981     39,451      32,428         7,023      37,470      30,331           7,139
      September           -2,799     36,808      30,513         6,295      39,607      32,775           6,832
      December             1,960     39,753      32,169         7,584      37,793      31,250           6,543
  
2008  March                 -798     37,622      31,732         5,890      38,420      31,268           7,152
      June                -2,173     37,353      30,290         7,063      39,526      32,495           7,031
      September           -3,622     35,291      27,578         7,713      38,913      32,191           6,722
      December            -7,966     33,864      27,076         6,788      41,830      34,753           7,077
  
2009  March               -9,492     32,135      26,519         5,616      41,627      34,714           6,913
      June                -6,221     34,446      27,757         6,689      40,667      33,129           7,538
      September           -2,917     33,411      27,318         6,093      36,328      29,599           6,729
      December            -1,345     34,045      27,288         6,757      35,390      28,854           6,536
  
2010  March               -1,608     34,947      28,407         6,540      36,555      30,633           5,922
      June                 2,506     35,535      28,654         6,881      33,029      27,144           5,885
      September              -10     33,680      27,583         6,097      33,690      27,041           6,649
      December             2,877     36,052      29,316         6,736      33,175      26,863           6,312
  
2011  March                  703     33,078      27,388         5,690      32,375      26,441           5,934
      June                 1,038     35,071      28,676         6,395      34,033      27,971           6,062
      September            3,079     36,341      27,968         8,373      33,262      27,718           5,544
      December             1,797     35,507      28,699         6,808      33,710      27,343           6,367
  
2012  March                2,832     35,318      29,049         6,269      32,486      26,581           5,905
      June                 3,019     37,007      29,583         7,424      33,988      28,009           5,979
      September           -1,280     34,457      27,509         6,948      35,737      30,142           5,595
      December                72     34,431      27,906         6,525      34,359      28,472           5,887
  
2013  March                2,175     34,379      28,641         5,738      32,204      26,921           5,283
      June                 4,305     36,032      29,802         6,230      31,727      26,379           5,348
      September           -1,767     32,380      26,501         5,879      34,147      28,936           5,211
      December             4,423     35,755      30,093         5,662      31,332      24,835           6,497
  
2014  March                 -546     31,592      26,349         5,243      32,138      27,109           5,029
      June                 3,734     36,762      30,530         6,232      33,028      27,105           5,923
      September           -1,983     32,090      26,249         5,841      34,073      29,014           5,059
      December             4,273     37,080      30,764         6,316      32,807      26,736           6,071
  
2015  March                  516     32,010      26,310         5,700      31,494      26,436           5,058
      June                 4,323     37,431      30,890         6,541      33,108      27,537           5,571
      September           -1,437     33,602      26,833         6,769      35,039      29,208           5,831
      December             6,144     37,247      30,728         6,519      31,103      25,573           5,530
  
2016  March                  818     33,670      28,621         5,049      32,852      28,144           4,708
      June                 3,569     36,640      30,361         6,279      33,071      27,404           5,667
      September              806     36,134      29,230         6,904      35,328      29,190           6,138
      December             2,070     35,405      29,338         6,067      33,335      27,630           5,705
  
2017  March                  703     32,723      26,850         5,873      32,020      26,727           5,293
      June                 3,455     37,609      31,361         6,248      34,154      28,789           5,365
      September           -5,175     31,928      26,702         5,226      37,103      30,604           6,499
      December             3,919     37,577      29,793         7,784      33,658      27,844           5,814
  

(1) Net change is the difference between total gross job gains and total gross job losses.
