Table 1.  Private sector gross job gains and job losses, seasonally adjusted

New Mexico

Total private                                

                                                  Gross job gains                       Gross job losses
Year  3 months ended  Net change (1) Total    Expanding      Opening      Total     Contracting      Closing
                                           establishments establishments           establishments establishments

1992  September            8,049     44,468      35,573         8,895      36,419      28,775           7,644
      December             2,074     42,291      31,863        10,428      40,217      32,400           7,817
  
1993  March                5,206     43,938      33,369        10,569      38,732      31,136           7,596
      June                 5,574     43,953      35,517         8,436      38,379      29,998           8,381
      September            9,574     49,656      36,851        12,805      40,082      31,313           8,769
      December             6,681     46,945      35,426        11,519      40,264      32,067           8,197
  
1994  March                3,699     48,200      36,870        11,330      44,501      34,000          10,501
      June                 6,487     47,919      35,385        12,534      41,432      31,274          10,158
      September           12,967     51,805      37,930        13,875      38,838      30,229           8,609
      December             4,861     46,996      37,859         9,137      42,135      34,439           7,696
  
1995  March               12,391     54,674      41,258        13,416      42,283      37,393           4,890
      June                 2,465     48,371      39,548         8,823      45,906      36,510           9,396
      September            2,139     48,468      38,530         9,938      46,329      36,108          10,221
      December            -8,918     45,512      38,058         7,454      54,430      35,811          18,619
  
1996  March                4,802     51,229      39,161        12,068      46,427      36,016          10,411
      June                 3,387     47,006      35,619        11,387      43,619      33,183          10,436
      September            1,901     48,415      36,455        11,960      46,514      35,612          10,902
      December             3,205     50,154      38,014        12,140      46,949      36,412          10,537
  
1997  March                  231     49,257      36,178        13,079      49,026      37,649          11,377
      June                 5,238     47,527      36,357        11,170      42,289      33,736           8,553
      September            2,186     48,965      39,925         9,040      46,779      35,351          11,428
      December             3,756     52,561      39,315        13,246      48,805      37,971          10,834
  
1998  March                2,476     49,860      38,623        11,237      47,384      36,596          10,788
      June                 1,818     49,175      37,422        11,753      47,357      36,790          10,567
      September             -558     47,186      37,516         9,670      47,744      39,266           8,478
      December             2,012     49,466      37,990        11,476      47,454      37,189          10,265
  
1999  March                  165     49,535      39,434        10,101      49,370      37,623          11,747
      June                 5,595     48,440      38,492         9,948      42,845      34,127           8,718
      September            2,522     46,833      38,113         8,720      44,311      36,369           7,942
      December               917     47,652      39,034         8,618      46,735      35,747          10,988
  
2000  March                5,975     51,169      40,870        10,299      45,194      36,135           9,059
      June                 4,927     48,966      39,592         9,374      44,039      34,291           9,748
      September            3,717     48,765      39,449         9,316      45,048      35,907           9,141
      December             4,170     47,874      39,092         8,782      43,704      36,428           7,276
  
2001  March               -4,675     48,997      40,345         8,652      53,672      37,577          16,095
      June                 1,232     49,442      38,547        10,895      48,210      36,349          11,861
      September           -5,962     43,366      35,619         7,747      49,328      40,993           8,335
      December              -189     45,047      36,408         8,639      45,236      37,018           8,218
  
2002  March                4,298     47,146      37,301         9,845      42,848      34,202           8,646
      June                 1,390     45,402      35,464         9,938      44,012      35,935           8,077
      September              146     46,343      36,884         9,459      46,197      36,335           9,862
      December             4,372     48,447      35,460        12,987      44,075      33,990          10,085
  
2003  March                 -350     44,162      36,408         7,754      44,512      34,711           9,801
      June                 2,359     45,237      36,233         9,004      42,878      35,290           7,588
      September              827     44,903      35,082         9,821      44,076      34,540           9,536
      December             3,756     45,319      35,540         9,779      41,563      33,318           8,245
  
2004  March                3,716     49,153      39,644         9,509      45,437      33,748          11,689
      June                 5,441     45,887      37,031         8,856      40,446      31,941           8,505
      September            1,148     43,420      34,350         9,070      42,272      34,469           7,803
      December             6,655     47,717      38,337         9,380      41,062      32,267           8,795
  
2005  March                1,771     44,904      35,674         9,230      43,133      33,538           9,595
      June                 4,271     46,389      37,347         9,042      42,118      33,976           8,142
      September            5,947     47,229      37,008        10,221      41,282      33,282           8,000
      December             5,642     46,808      37,440         9,368      41,166      33,584           7,582
  
2006  March               10,421     51,769      42,162         9,607      41,348      33,323           8,025
      June                15,766     60,918      38,466        22,452      45,152      36,983           8,169
      September              986     47,013      38,063         8,950      46,027      37,423           8,604
      December             1,525     49,001      38,188        10,813      47,476      39,636           7,840
  
2007  March                6,674     47,945      39,334         8,611      41,271      33,221           8,050
      June                -2,432     45,619      36,643         8,976      48,051      38,399           9,652
      September             -645     47,146      38,177         8,969      47,791      38,345           9,446
      December             1,682     46,716      37,905         8,811      45,034      36,840           8,194
  
2008  March                3,389     46,837      38,162         8,675      43,448      35,548           7,900
      June                -4,269     44,523      35,969         8,554      48,792      40,121           8,671
      September              629     46,451      37,275         9,176      45,822      37,745           8,077
      December           -14,200     40,297      32,211         8,086      54,497      43,860          10,637
  
2009  March              -16,490     36,901      28,742         8,159      53,391      43,493           9,898
      June                -9,678     38,841      30,315         8,526      48,519      39,844           8,675
      September           -2,161     40,017      32,873         7,144      42,178      34,330           7,848
      December            -6,938     37,353      29,440         7,913      44,291      37,030           7,261
  
2010  March                 -555     38,871      31,821         7,050      39,426      32,271           7,155
      June                 1,060     40,641      32,258         8,383      39,581      32,396           7,185
      September             -244     39,970      31,986         7,984      40,214      31,890           8,324
      December             1,525     39,969      31,892         8,077      38,444      30,919           7,525
  
2011  March                 -109     36,317      30,188         6,129      36,426      29,421           7,005
      June                 1,213     40,124      32,264         7,860      38,911      31,762           7,149
      September            2,846     41,447      33,028         8,419      38,601      31,607           6,994
      December            -3,340     37,625      29,219         8,406      40,965      33,479           7,486
  
2012  March                5,538     41,348      32,619         8,729      35,810      28,466           7,344
      June                  -736     40,556      32,545         8,011      41,292      34,009           7,283
      September             -646     38,593      30,841         7,752      39,239      32,149           7,090
      December             6,447     43,966      38,222         5,744      37,519      30,162           7,357
  
2013  March               -1,341     38,857      31,411         7,446      40,198      33,771           6,427
      June                 1,169     42,014      33,268         8,746      40,845      32,277           8,568
      September             -324     40,724      31,780         8,944      41,048      33,539           7,509
      December             3,174     41,784      33,342         8,442      38,610      31,610           7,000
  
2014  March                 -537     39,488      30,531         8,957      40,025      32,654           7,371
      June                 2,929     41,145      34,052         7,093      38,216      31,347           6,869
      September            2,396     40,499      33,254         7,245      38,103      30,421           7,682
      December             6,455     44,001      34,434         9,567      37,546      30,449           7,097
  
2015  March                 -443     40,835      32,407         8,428      41,278      33,436           7,842
      June                  -336     42,521      33,466         9,055      42,857      36,104           6,753
      September             -203     40,765      32,455         8,310      40,968      33,072           7,896
      December               401     43,176      34,055         9,121      42,775      34,007           8,768
  
2016  March                   87     39,814      30,708         9,106      39,727      32,841           6,886
      June                -2,152     40,215      32,743         7,472      42,367      34,604           7,763
      September            4,469     43,313      34,747         8,566      38,844      31,899           6,945
      December               536     41,275      32,625         8,650      40,739      32,645           8,094
  
2017  March                1,010     40,142      32,421         7,721      39,132      32,970           6,162
      June                 2,523     42,206      34,695         7,511      39,683      32,239           7,444
      September            1,250     40,887      32,056         8,831      39,637      32,702           6,935
      December             2,119     39,989      32,913         7,076      37,870      30,464           7,406
  

(1) Net change is the difference between total gross job gains and total gross job losses.
