Table 1.  Private sector gross job gains and job losses, seasonally adjusted

Virginia

Total private                                

                                                  Gross job gains                       Gross job losses
Year  3 months ended  Net change (1) Total    Expanding      Opening      Total     Contracting      Closing
                                           establishments establishments           establishments establishments

1992  September           23,500    175,183     143,580        31,603     151,683     127,286          24,397
      December             9,260    168,843     135,977        32,866     159,583     135,666          23,917
  
1993  March                2,810    167,429     133,769        33,660     164,619     139,085          25,534
      June                33,811    179,461     144,891        34,570     145,650     124,496          21,154
      September           22,921    179,564     147,526        32,038     156,643     128,534          28,109
      December            12,351    181,527     146,016        35,511     169,176     142,367          26,809
  
1994  March               17,190    192,328     160,355        31,973     175,138     147,170          27,968
      June                24,766    193,072     152,485        40,587     168,306     143,134          25,172
      September           32,725    198,278     162,339        35,939     165,553     140,405          25,148
      December             8,618    186,031     150,634        35,397     177,413     148,496          28,917
  
1995  March               22,333    198,871     160,781        38,090     176,538     148,219          28,319
      June                16,106    190,932     153,733        37,199     174,826     145,014          29,812
      September           17,201    196,630     158,535        38,095     179,429     143,849          35,580
      December            11,650    203,246     158,453        44,793     191,596     158,028          33,568
  
1996  March               19,172    198,186     159,464        38,722     179,014     147,157          31,857
      June                 8,913    208,397     167,670        40,727     199,484     160,349          39,135
      September           25,791    218,132     170,679        47,453     192,341     155,781          36,560
      December            31,683    214,664     165,325        49,339     182,981     150,427          32,554
  
1997  March               22,769    213,985     168,259        45,726     191,216     164,745          26,471
      June                 9,374    204,477     157,263        47,214     195,103     157,137          37,966
      September           35,521    216,699     168,484        48,215     181,178     149,253          31,925
      December            14,397    208,253     168,751        39,502     193,856     155,207          38,649
  
1998  March                7,937    216,711     172,276        44,435     208,774     164,208          44,566
      June                25,705    220,301     170,067        50,234     194,596     161,515          33,081
      September           27,893    216,016     174,511        41,505     188,123     154,437          33,686
      December             7,462    212,187     170,899        41,288     204,725     158,315          46,410
  
1999  March               12,141    223,669     170,362        53,307     211,528     167,025          44,503
      June                21,885    217,023     169,379        47,644     195,138     163,694          31,444
      September           30,376    227,405     190,596        36,809     197,029     162,050          34,979
      December            27,087    225,227     184,311        40,916     198,140     156,795          41,345
  
2000  March               35,546    237,098     189,637        47,461     201,552     163,508          38,044
      June                 9,521    211,048     174,488        36,560     201,527     169,998          31,529
      September           21,613    214,237     177,241        36,996     192,624     155,897          36,727
      December            15,029    210,428     177,757        32,671     195,399     164,448          30,951
  
2001  March                6,871    216,958     180,943        36,015     210,087     174,363          35,724
      June               -20,892    192,936     154,888        38,048     213,828     179,570          34,258
      September          -18,426    185,549     152,673        32,876     203,975     169,700          34,275
      December           -27,577    182,088     151,584        30,504     209,665     176,126          33,539
  
2002  March                3,264    198,939     161,531        37,408     195,675     161,941          33,734
      June                -6,453    189,499     154,417        35,082     195,952     159,973          35,979
      September           -1,479    187,131     155,436        31,695     188,610     157,496          31,114
      December            -2,165    182,657     149,237        33,420     184,822     155,179          29,643
  
2003  March              -11,035    184,658     149,442        35,216     195,693     159,206          36,487
      June                 7,698    191,066     159,373        31,693     183,368     153,350          30,018
      September           11,459    190,054     157,190        32,864     178,595     150,890          27,705
      December            18,690    198,248     163,134        35,114     179,558     150,724          28,834
  
2004  March               30,332    203,121     170,039        33,082     172,789     144,682          28,107
      June                18,175    195,655     160,465        35,190     177,480     145,146          32,334
      September           12,171    187,442     156,420        31,022     175,271     148,091          27,180
      December            23,652    194,871     161,413        33,458     171,219     146,093          25,126
  
2005  March               18,798    195,589     162,259        33,330     176,791     146,584          30,207
      June                12,513    193,146     161,742        31,404     180,633     152,299          28,334
      September           28,420    205,264     167,176        38,088     176,844     151,773          25,071
      December             4,247    190,484     154,577        35,907     186,237     156,259          29,978
  
2006  March               30,490    200,785     170,825        29,960     170,295     144,099          26,196
      June                -1,435    194,060     160,168        33,892     195,495     164,851          30,644
      September          -12,432    180,209     149,684        30,525     192,641     162,479          30,162
      December             7,342    189,891     157,068        32,823     182,549     154,316          28,233
  
2007  March               23,678    202,673     164,979        37,694     178,995     148,284          30,711
      June                 2,106    190,354     155,193        35,161     188,248     157,205          31,043
      September           -9,526    177,633     143,700        33,933     187,159     156,937          30,222
      December            -4,964    181,872     155,293        26,579     186,836     156,396          30,440
  
2008  March                6,227    192,548     144,322        48,226     186,321     153,919          32,402
      June                -5,918    187,855     151,554        36,301     193,773     161,650          32,123
      September          -18,368    178,506     141,599        36,907     196,874     161,024          35,850
      December           -43,077    170,129     134,888        35,241     213,206     178,850          34,356
  
2009  March              -55,824    150,586     122,834        27,752     206,410     171,548          34,862
      June               -29,851    167,382     134,999        32,383     197,233     161,268          35,965
      September          -20,235    159,419     127,134        32,285     179,654     149,301          30,353
      December            -1,251    165,929     134,489        31,440     167,180     137,824          29,356
  
2010  March              -12,419    155,345     126,525        28,820     167,764     135,639          32,125
      June                21,324    186,729     149,662        37,067     165,405     133,917          31,488
      September            1,958    176,200     142,220        33,980     174,242     141,623          32,619
      December            10,360    175,947     140,587        35,360     165,587     134,486          31,101
  
2011  March                9,124    166,538     137,068        29,470     157,414     127,750          29,664
      June                 7,430    173,123     139,567        33,556     165,693     135,006          30,687
      September           14,377    173,448     140,241        33,207     159,071     134,309          24,762
      December             2,255    176,056     141,370        34,686     173,801     139,764          34,037
  
2012  March               16,465    176,660     146,029        30,631     160,195     131,440          28,755
      June                   225    168,962     140,447        28,515     168,737     141,021          27,716
      September            8,722    186,390     146,836        39,554     177,668     142,837          34,831
      December            11,593    177,108     140,545        36,563     165,515     133,585          31,930
  
2013  March                7,494    168,268     139,268        29,000     160,774     132,875          27,899
      June                  -200    164,751     140,400        24,351     164,951     135,582          29,369
      September            1,193    173,764     143,995        29,769     172,571     140,663          31,908
      December             3,401    169,426     139,441        29,985     166,025     135,490          30,535
  
2014  March               -3,328    159,987     130,202        29,785     163,315     136,181          27,134
      June                18,394    184,665     151,347        33,318     166,271     134,907          31,364
      September           -5,966    167,727     139,913        27,814     173,693     142,880          30,813
      December             7,530    170,739     148,317        22,422     163,209     133,331          29,878
  
2015  March               12,777    181,579     135,374        46,205     168,802     138,735          30,067
      June                32,760    195,277     158,727        36,550     162,517     132,503          30,014
      September           35,294    213,478     150,517        62,961     178,184     146,861          31,323
      December            23,477    195,800     158,541        37,259     172,323     140,896          31,427
  
2016  March               -1,781    183,177     148,298        34,879     184,958     147,502          37,456
      June                 9,391    197,646     155,822        41,824     188,255     150,198          38,057
      September            2,527    192,072     158,207        33,865     189,545     148,269          41,276
      December            13,876    194,325     155,756        38,569     180,449     144,525          35,924
  
2017  March               14,269    186,996     151,347        35,649     172,727     138,974          33,753
      June                12,153    196,028     157,026        39,002     183,875     148,643          35,232
      September          -11,164    182,441     147,369        35,072     193,605     154,402          39,203
      December            25,350    196,190     156,883        39,307     170,840     136,681          34,159
  

(1) Net change is the difference between total gross job gains and total gross job losses.
