Table 1.  Private sector gross job gains and job losses, seasonally adjusted

Vermont

Total private                                

                                                  Gross job gains                       Gross job losses
Year  3 months ended  Net change (1) Total    Expanding      Opening      Total     Contracting      Closing
                                           establishments establishments           establishments establishments

1992  September            5,677     21,118      16,443         4,675      15,441      11,767           3,674
      December            -1,330     16,271      12,505         3,766      17,601      14,670           2,931
  
1993  March                2,525     19,389      15,060         4,329      16,864      13,537           3,327
      June                   936     18,292      14,468         3,824      17,356      14,648           2,708
      September            5,786     21,210      17,264         3,946      15,424      12,356           3,068
      December            -1,731     16,404      13,495         2,909      18,135      15,144           2,991
  
1994  March                4,370     20,761      16,800         3,961      16,391      13,183           3,208
      June                  -394     18,457      14,740         3,717      18,851      15,126           3,725
      September            4,717     20,652      17,160         3,492      15,935      13,062           2,873
      December               -40     18,159      14,251         3,908      18,199      15,158           3,041
  
1995  March                4,695     22,049      18,588         3,461      17,354      14,206           3,148
      June                -1,635     18,706      14,991         3,715      20,341      17,163           3,178
      September            4,279     21,386      17,502         3,884      17,107      13,755           3,352
      December            -1,635     17,558      13,679         3,879      19,193      16,116           3,077
  
1996  March                2,128     20,102      16,397         3,705      17,974      14,800           3,174
      June                   997     18,929      15,321         3,608      17,932      15,080           2,852
      September            2,803     20,724      17,543         3,181      17,921      14,898           3,023
      December            -1,902     17,808      14,161         3,647      19,710      16,653           3,057
  
1997  March                1,120     20,033      15,931         4,102      18,913      15,655           3,258
      June                 1,630     19,335      15,713         3,622      17,705      14,632           3,073
      September            2,529     21,414      17,793         3,621      18,885      15,737           3,148
      December               -87     18,545      15,309         3,236      18,632      15,740           2,892
  
1998  March                3,204     21,051      16,947         4,104      17,847      14,297           3,550
      June                 1,030     19,382      16,082         3,300      18,352      15,104           3,248
      September            2,145     19,845      17,107         2,738      17,700      14,750           2,950
      December            -1,126     17,702      15,095         2,607      18,828      15,644           3,184
  
1999  March                5,276     23,481      18,634         4,847      18,205      15,336           2,869
      June                   698     19,488      15,973         3,515      18,790      16,123           2,667
      September            1,020     19,655      16,715         2,940      18,635      16,206           2,429
      December             2,422     20,433      16,419         4,014      18,011      15,362           2,649
  
2000  March                3,654     24,047      20,167         3,880      20,393      17,280           3,113
      June                 1,600     20,110      16,904         3,206      18,510      15,860           2,650
      September              168     19,724      16,456         3,268      19,556      17,054           2,502
      December             1,939     20,258      17,098         3,160      18,319      15,554           2,765
  
2001  March                  110     19,801      17,129         2,672      19,691      16,218           3,473
      June                -2,191     18,062      15,511         2,551      20,253      17,204           3,049
      September           -2,218     18,756      15,134         3,622      20,974      17,521           3,453
      December            -1,060     18,149      14,079         4,070      19,209      16,528           2,681
  
2002  March                3,543     22,998      18,398         4,600      19,455      16,183           3,272
      June                  -358     18,599      15,212         3,387      18,957      16,348           2,609
      September           -1,925     18,688      15,432         3,256      20,613      17,378           3,235
      December            -1,165     18,506      15,299         3,207      19,671      15,993           3,678
  
2003  March                  -96     18,350      15,129         3,221      18,446      15,453           2,993
      June                    93     19,056      15,688         3,368      18,963      15,053           3,910
      September             -138     17,671      14,822         2,849      17,809      15,332           2,477
      December             1,241     19,052      15,481         3,571      17,811      14,752           3,059
  
2004  March                2,106     20,785      16,699         4,086      18,679      15,489           3,190
      June                 2,238     19,822      16,630         3,192      17,584      14,320           3,264
      September             -692     18,304      14,903         3,401      18,996      16,345           2,651
      December              -850     20,121      16,311         3,810      20,971      15,680           5,291
  
2005  March                  566     19,356      16,050         3,306      18,790      15,780           3,010
      June                   306     18,449      15,391         3,058      18,143      15,292           2,851
      September           -1,100     18,115      15,049         3,066      19,215      16,306           2,909
      December             1,946     19,264      16,012         3,252      17,318      14,593           2,725
  
2006  March                  214     18,513      15,003         3,510      18,299      15,552           2,747
      June                 1,104     19,047      15,961         3,086      17,943      14,878           3,065
      September           -3,044     16,497      13,618         2,879      19,541      16,436           3,105
      December              -199     18,295      15,303         2,992      18,494      14,410           4,084
  
2007  March                  394     18,827      15,330         3,497      18,433      15,641           2,792
      June                  -298     18,867      15,784         3,083      19,165      15,546           3,619
      September           -1,469     18,957      14,388         4,569      20,426      16,093           4,333
      December             1,087     19,650      15,967         3,683      18,563      15,204           3,359
  
2008  March                 -847     18,446      14,906         3,540      19,293      15,999           3,294
      June                  -268     18,125      14,951         3,174      18,393      15,208           3,185
      September           -2,201     17,160      14,359         2,801      19,361      15,583           3,778
      December            -2,642     17,598      14,744         2,854      20,240      16,807           3,433
  
2009  March               -5,687     16,042      12,744         3,298      21,729      17,972           3,757
      June                -2,656     17,545      14,158         3,387      20,201      16,481           3,720
      September             -654     16,810      13,760         3,050      17,464      13,598           3,866
      December             1,097     19,117      15,418         3,699      18,020      14,735           3,285
  
2010  March               -1,068     16,582      13,270         3,312      17,650      14,444           3,206
      June                  -383     18,316      14,624         3,692      18,699      15,981           2,718
      September            2,239     18,813      15,972         2,841      16,574      13,350           3,224
      December             1,886     18,762      15,539         3,223      16,876      13,595           3,281
  
2011  March                 -831     16,258      13,481         2,777      17,089      14,251           2,838
      June                   241     18,449      15,309         3,140      18,208      14,232           3,976
      September              374     18,959      14,988         3,971      18,585      13,767           4,818
      December             3,531     20,051      15,573         4,478      16,520      13,487           3,033
  
2012  March                  831     18,184      15,009         3,175      17,353      14,344           3,009
      June                   589     18,113      14,768         3,345      17,524      14,126           3,398
      September               35     17,186      13,599         3,587      17,151      14,156           2,995
      December             1,023     18,671      15,595         3,076      17,648      14,261           3,387
  
2013  March                  616     17,621      14,388         3,233      17,005      14,114           2,891
      June                -1,067     18,231      14,763         3,468      19,298      16,078           3,220
      September             -564     17,622      14,059         3,563      18,186      14,824           3,362
      December             2,149     18,848      15,552         3,296      16,699      13,632           3,067
  
2014  March                   63     17,197      14,010         3,187      17,134      14,285           2,849
      June                 1,064     18,385      14,995         3,390      17,321      14,177           3,144
      September             -890     17,338      14,079         3,259      18,228      15,262           2,966
      December             1,931     18,953      15,864         3,089      17,022      14,128           2,894
  
2015  March                  586     17,715      14,369         3,346      17,129      13,979           3,150
      June                 1,034     18,604      15,556         3,048      17,570      14,300           3,270
      September           -1,674     17,645      13,836         3,809      19,319      15,379           3,940
      December             1,438     18,141      15,200         2,941      16,703      13,317           3,386
  
2016  March                 -683     17,059      13,826         3,233      17,742      14,617           3,125
      June                   544     18,779      15,474         3,305      18,235      14,723           3,512
      September             -441     18,354      14,164         4,190      18,795      15,491           3,304
      December               362     17,998      14,905         3,093      17,636      14,412           3,224
  
2017  March                 -431     16,827      13,464         3,363      17,258      14,214           3,044
      June                 2,654     20,084      16,603         3,481      17,430      14,106           3,324
      September           -3,014     17,066      14,007         3,059      20,080      16,624           3,456
      December             2,106     18,651      15,201         3,450      16,545      13,386           3,159
  

(1) Net change is the difference between total gross job gains and total gross job losses.
