Table 1.  Private sector gross job gains and job losses, seasonally adjusted

Wisconsin

Total private                                

                                                  Gross job gains                       Gross job losses
Year  3 months ended  Net change (1) Total    Expanding      Opening      Total     Contracting      Closing
                                           establishments establishments           establishments establishments

1992  September           17,316    147,115     122,822        24,293     129,799     103,638          26,161
      December            14,543    146,165     112,162        34,003     131,622     107,022          24,600
  
1993  March               15,401    145,864     113,534        32,330     130,463     104,671          25,792
      June                 3,740    132,398     108,885        23,513     128,658     106,019          22,639
      September           26,234    149,499     122,859        26,640     123,265      99,921          23,344
      December            15,727    144,619     118,093        26,526     128,892     107,397          21,495
  
1994  March               20,727    154,297     116,295        38,002     133,570     110,432          23,138
      June                13,740    146,692     116,035        30,657     132,952     109,273          23,679
      September           37,951    163,615     133,323        30,292     125,664     102,429          23,235
      December            14,537    147,895     121,704        26,191     133,358     111,929          21,429
  
1995  March               22,550    162,282     126,001        36,281     139,732     114,992          24,740
      June                -3,123    149,003     116,411        32,592     152,126     124,318          27,808
      September           18,393    156,475     130,911        25,564     138,082     112,895          25,187
      December            -1,118    143,574     116,646        26,928     144,692     121,132          23,560
  
1996  March               18,159    164,631     127,528        37,103     146,472     119,462          27,010
      June                  -409    147,055     115,936        31,119     147,464     123,808          23,656
      September           17,690    155,484     122,899        32,585     137,794     114,524          23,270
      December            18,592    160,269     126,963        33,306     141,677     118,503          23,174
  
1997  March                  122    151,990     120,087        31,903     151,868     126,486          25,382
      June                16,510    158,091     123,438        34,653     141,581     118,193          23,388
      September           13,312    159,633     129,151        30,482     146,321     121,246          25,075
      December            29,252    173,121     132,032        41,089     143,869     117,092          26,777
  
1998  March                2,388    151,163     125,253        25,910     148,775     121,064          27,711
      June                10,254    154,820     124,361        30,459     144,566     120,370          24,196
      September           10,201    160,428     126,190        34,238     150,227     124,190          26,037
      December            25,766    166,117     134,309        31,808     140,351     117,621          22,730
  
1999  March                8,882    169,060     135,078        33,982     160,178     130,489          29,689
      June                17,253    163,426     129,222        34,204     146,173     124,105          22,068
      September            8,191    158,925     132,415        26,510     150,734     125,350          25,384
      December            19,434    165,916     139,904        26,012     146,482     124,086          22,396
  
2000  March               21,750    167,649     142,357        25,292     145,899     124,151          21,748
      June                -8,548    153,920     127,543        26,377     162,468     136,613          25,855
      September              426    155,598     131,294        24,304     155,172     130,395          24,777
      December            -8,839    149,115     126,682        22,433     157,954     133,960          23,994
  
2001  March               -4,550    159,583     132,649        26,934     164,133     131,557          32,576
      June               -28,580    147,747     122,134        25,613     176,327     148,269          28,058
      September          -14,990    143,638     116,131        27,507     158,628     133,044          25,584
      December           -19,504    138,456     114,048        24,408     157,960     133,954          24,006
  
2002  March                3,719    157,545     126,568        30,977     153,826     128,872          24,954
      June                -3,084    152,190     125,428        26,762     155,274     125,783          29,491
      September             -522    144,563     118,503        26,060     145,085     123,954          21,131
      December               523    144,978     120,761        24,217     144,455     121,370          23,085
  
2003  March              -10,672    138,750     114,956        23,794     149,422     125,811          23,611
      June                 3,114    143,335     118,888        24,447     140,221     120,097          20,124
      September            6,742    145,648     120,056        25,592     138,906     116,634          22,272
      December             5,868    144,266     119,002        25,264     138,398     119,133          19,265
  
2004  March                2,087    140,296     116,868        23,428     138,209     115,027          23,182
      June                11,054    149,113     123,513        25,600     138,059     115,031          23,028
      September           12,077    148,342     122,515        25,827     136,265     112,459          23,806
      December            13,014    146,779     119,609        27,170     133,765     113,758          20,007
  
2005  March                3,253    136,398     113,351        23,047     133,145     112,776          20,369
      June                -3,562    143,029     120,136        22,893     146,591     121,466          25,125
      September           15,492    150,839     123,545        27,294     135,347     114,033          21,314
      December              -254    143,117     118,086        25,031     143,371     120,521          22,850
  
2006  March               10,143    146,529     121,698        24,831     136,386     114,552          21,834
      June                 3,661    148,855     124,081        24,774     145,194     118,062          27,132
      September             -597    143,904     114,145        29,759     144,501     119,788          24,713
      December             4,498    145,955     120,305        25,650     141,457     119,726          21,731
  
2007  March                5,820    149,384     124,765        24,619     143,564     119,542          24,022
      June                 8,657    145,468     122,917        22,551     136,811     114,483          22,328
      September          -13,111    130,372     107,582        22,790     143,483     121,525          21,958
      December             5,407    139,666     117,042        22,624     134,259     112,299          21,960
  
2008  March               -3,163    135,276     111,996        23,280     138,439     115,029          23,410
      June                -9,154    139,047     114,175        24,872     148,201     125,037          23,164
      September          -17,357    131,683     107,427        24,256     149,040     126,791          22,249
      December           -31,984    129,928     108,191        21,737     161,912     136,682          25,230
  
2009  March              -66,433    112,833      91,923        20,910     179,266     156,093          23,173
      June               -38,486    122,856     101,291        21,565     161,342     138,850          22,492
      September          -16,721    122,609     101,844        20,765     139,330     114,741          24,589
      December            -7,220    130,277     105,851        24,426     137,497     114,055          23,442
  
2010  March               -1,594    128,979     108,108        20,871     130,573     110,872          19,701
      June                13,980    133,821     112,160        21,661     119,841     100,878          18,963
      September           11,049    133,322     112,332        20,990     122,273     100,540          21,733
      December            10,753    138,558     115,176        23,382     127,805     105,811          21,994
  
2011  March                3,762    128,717     106,696        22,021     124,955     105,237          19,718
      June                11,827    133,127     111,646        21,481     121,300     102,525          18,775
      September           14,944    135,531     112,744        22,787     120,587     101,276          19,311
      December            -3,478    126,572     105,764        20,808     130,050     107,634          22,416
  
2012  March               16,695    136,196     111,799        24,397     119,501     101,395          18,106
      June                12,582    132,787     110,641        22,146     120,205     102,006          18,199
      September                6    126,321     104,631        21,690     126,315     107,762          18,553
      December             9,921    132,014     110,564        21,450     122,093     102,371          19,722
  
2013  March                5,267    127,164     107,025        20,139     121,897     102,773          19,124
      June                12,026    135,161     112,331        22,830     123,135     103,895          19,240
      September            4,605    130,395     108,185        22,210     125,790     109,403          16,387
      December             9,434    131,794     114,001        17,793     122,360     103,249          19,111
  
2014  March                1,601    124,327     105,343        18,984     122,726     105,075          17,651
      June                19,469    138,681     117,046        21,635     119,212     101,806          17,406
      September           -1,739    130,107     111,970        18,137     131,846     112,483          19,363
      December            13,641    136,844     116,203        20,641     123,203     102,333          20,870
  
2015  March                7,952    131,566     111,272        20,294     123,614     107,220          16,394
      June                11,789    137,195     115,753        21,442     125,406     108,381          17,025
      September             -749    133,788     112,241        21,547     134,537     115,923          18,614
      December            19,646    145,540     117,570        27,970     125,894     105,540          20,354
  
2016  March                9,993    137,502     117,430        20,072     127,509     110,526          16,983
      June                  -972    138,276     117,041        21,235     139,248     119,877          19,371
      September             -854    133,986     111,232        22,754     134,840     116,020          18,820
      December             2,762    134,052     113,086        20,966     131,290     110,880          20,410
  
2017  March               27,098    143,931     122,029        21,902     116,833     102,156          14,677
      June                 3,246    139,680     119,234        20,446     136,434     119,659          16,775
      September          -17,915    122,392     105,186        17,206     140,307     122,216          18,091
      December            15,013    136,582     117,279        19,303     121,569     102,966          18,603
  

(1) Net change is the difference between total gross job gains and total gross job losses.
