Table 1.  Private sector gross job gains and job losses, seasonally adjusted

Wyoming

Total private                                

                                                  Gross job gains                       Gross job losses
Year  3 months ended  Net change (1) Total    Expanding      Opening      Total     Contracting      Closing
                                           establishments establishments           establishments establishments

1992  September            1,266     17,695      12,987         4,708      16,429      12,987           3,442
      December            -1,070     16,160      12,018         4,142      17,230      12,847           4,383
  
1993  March                 -863     15,209      11,028         4,181      16,072      13,057           3,015
      June                 5,645     18,301      14,102         4,199      12,656      10,273           2,383
      September            2,169     18,626      14,245         4,381      16,457      13,204           3,253
      December              -820     16,007      12,866         3,141      16,827      13,805           3,022
  
1994  March                  218     16,590      12,118         4,472      16,372      13,346           3,026
      June                 3,976     19,016      14,205         4,811      15,040      11,659           3,381
      September            1,770     18,341      15,182         3,159      16,571      13,645           2,926
      December            -1,681     16,293      12,659         3,634      17,974      14,223           3,751
  
1995  March                 -266     16,676      13,363         3,313      16,942      14,362           2,580
      June                 2,844     18,339      14,098         4,241      15,495      12,289           3,206
      September            1,205     17,884      14,422         3,462      16,679      13,510           3,169
      December            -2,801     15,587      12,046         3,541      18,388      14,954           3,434
  
1996  March               -1,457     15,974      12,389         3,585      17,431      14,594           2,837
      June                 2,709     18,138      13,961         4,177      15,429      12,223           3,206
      September            2,032     19,150      14,179         4,971      17,118      14,020           3,098
      December            -1,211     16,831      13,044         3,787      18,042      14,515           3,527
  
1997  March                  169     17,174      13,661         3,513      17,005      14,129           2,876
      June                 3,063     18,210      14,245         3,965      15,147      12,310           2,837
      September            1,279     18,303      14,498         3,805      17,024      13,706           3,318
      December              -165     17,744      13,427         4,317      17,909      14,499           3,410
  
1998  March                 -607     17,679      13,187         4,492      18,286      14,379           3,907
      June                 2,928     19,137      15,174         3,963      16,209      12,641           3,568
      September             -792     16,706      13,470         3,236      17,498      14,445           3,053
      December               330     17,257      13,995         3,262      16,927      13,770           3,157
  
1999  March                2,304     19,192      15,219         3,973      16,888      13,713           3,175
      June                 1,326     18,514      14,790         3,724      17,188      13,366           3,822
      September            1,308     18,640      15,127         3,513      17,332      14,297           3,035
      December             1,610     18,956      14,959         3,997      17,346      14,439           2,907
  
2000  March                2,958     20,204      16,780         3,424      17,246      14,017           3,229
      June                   224     18,064      14,634         3,430      17,840      14,441           3,399
      September             -364     18,597      15,189         3,408      18,961      15,924           3,037
      December             1,680     19,207      15,509         3,698      17,527      14,538           2,989
  
2001  March                4,482     21,829      17,553         4,276      17,347      13,629           3,718
      June                 1,296     19,359      15,639         3,720      18,063      14,826           3,237
      September           -1,159     18,082      14,260         3,822      19,241      15,846           3,395
      December             1,017     18,622      14,864         3,758      17,605      14,447           3,158
  
2002  March                  275     19,237      15,536         3,701      18,962      14,709           4,253
      June                  -215     18,319      14,933         3,386      18,534      15,582           2,952
      September             -345     17,486      13,860         3,626      17,831      15,066           2,765
      December              -558     17,633      14,580         3,053      18,191      15,381           2,810
  
2003  March                 -517     16,605      14,042         2,563      17,122      14,486           2,636
      June                 2,151     18,604      15,240         3,364      16,453      13,469           2,984
      September            1,849     18,677      15,451         3,226      16,828      14,312           2,516
      December               781     18,761      15,450         3,311      17,980      14,321           3,659
  
2004  March                1,753     18,578      15,142         3,436      16,825      14,032           2,793
      June                   419     18,468      15,305         3,163      18,049      14,488           3,561
      September             -996     17,395      13,928         3,467      18,391      15,332           3,059
      December             2,930     19,555      15,655         3,900      16,625      14,056           2,569
  
2005  March                3,478     20,126      16,398         3,728      16,648      13,664           2,984
      June                 1,480     18,762      15,460         3,302      17,282      14,598           2,684
      September            1,475     18,509      14,922         3,587      17,034      14,377           2,657
      December             4,272     21,121      17,068         4,053      16,849      14,099           2,750
  
2006  March                6,216     22,766      18,743         4,023      16,550      13,859           2,691
      June                 1,599     20,102      16,538         3,564      18,503      15,729           2,774
      September              586     20,578      16,318         4,260      19,992      16,893           3,099
      December             6,016     22,812      19,319         3,493      16,796      14,224           2,572
  
2007  March                4,670     22,955      19,256         3,699      18,285      15,527           2,758
      June                -2,509     19,599      15,894         3,705      22,108      18,481           3,627
      September              803     21,253      17,692         3,561      20,450      17,120           3,330
      December             5,976     24,139      20,313         3,826      18,163      15,256           2,907
  
2008  March                4,611     24,237      20,067         4,170      19,626      16,433           3,193
      June                -4,128     20,016      16,640         3,376      24,144      20,624           3,520
      September            1,761     21,075      16,925         4,150      19,314      16,243           3,071
      December              -842     19,641      16,539         3,102      20,483      16,852           3,631
  
2009  March               -6,626     18,729      14,945         3,784      25,355      21,742           3,613
      June                -9,388     15,909      12,940         2,969      25,297      22,252           3,045
      September           -1,136     17,169      14,183         2,986      18,305      14,961           3,344
      December            -2,575     16,171      12,943         3,228      18,746      15,956           2,790
  
2010  March                 -545     17,825      13,845         3,980      18,370      15,421           2,949
      June                  -641     17,661      14,490         3,171      18,302      15,410           2,892
      September            3,908     20,431      16,348         4,083      16,523      13,411           3,112
      December               599     19,092      15,967         3,125      18,493      15,398           3,095
  
2011  March                 -852     16,865      13,801         3,064      17,717      15,036           2,681
      June                   -80     18,001      14,786         3,215      18,081      15,424           2,657
      September            4,995     20,519      16,505         4,014      15,524      12,730           2,794
      December             2,068     19,678      16,401         3,277      17,610      14,926           2,684
  
2012  March                 -277     18,423      15,410         3,013      18,700      15,407           3,293
      June                -1,273     17,546      14,336         3,210      18,819      16,087           2,732
      September              -96     18,303      15,168         3,135      18,399      15,035           3,364
      December             2,222     20,033      16,037         3,996      17,811      14,901           2,910
  
2013  March                   26     18,754      15,331         3,423      18,728      15,475           3,253
      June                  -956     18,323      14,884         3,439      19,279      16,460           2,819
      September              317     17,784      14,670         3,114      17,467      14,361           3,106
      December             2,663     19,954      16,136         3,818      17,291      14,594           2,697
  
2014  March                  988     18,556      15,356         3,200      17,568      15,044           2,524
      June                 1,354     19,142      15,829         3,313      17,788      15,223           2,565
      September             -254     18,208      14,910         3,298      18,462      15,692           2,770
      December             2,372     20,095      16,423         3,672      17,723      14,999           2,724
  
2015  March                  197     20,033      15,680         4,353      19,836      16,265           3,571
      June                -6,443     17,156      13,911         3,245      23,599      20,315           3,284
      September           -1,701     17,926      14,627         3,299      19,627      15,338           4,289
      December              -943     18,826      15,165         3,661      19,769      16,632           3,137
  
2016  March               -2,955     17,029      13,735         3,294      19,984      16,933           3,051
      June                -5,788     15,960      13,039         2,921      21,748      18,493           3,255
      September             -795     17,147      13,526         3,621      17,942      15,016           2,926
      December               248     17,940      14,607         3,333      17,692      14,775           2,917
  
2017  March                1,353     17,837      14,676         3,161      16,484      13,784           2,700
      June                -1,034     17,344      14,275         3,069      18,378      15,908           2,470
      September            1,488     17,516      14,148         3,368      16,028      13,384           2,644
      December               799     17,948      15,093         2,855      17,149      14,187           2,962
  

(1) Net change is the difference between total gross job gains and total gross job losses.
