Table 1.  Private sector gross job gains and job losses, seasonally adjusted

Alaska

Total private                                

                                                  Gross job gains                       Gross job losses
Year  3 months ended  Net change (1) Total    Expanding      Opening      Total     Contracting      Closing
                                           establishments establishments           establishments establishments

1992  September            2,053     24,387      18,123         6,264      22,334      18,631           3,703
      December             7,229     27,649      21,888         5,761      20,420      17,294           3,126
  
1993  March               -1,420     22,398      18,180         4,218      23,818      19,658           4,160
      June                -2,196     23,243      19,023         4,220      25,439      19,942           5,497
      September            3,168     26,159      20,907         5,252      22,991      19,096           3,895
      December            10,640     31,555      25,121         6,434      20,915      17,762           3,153
  
1994  March                1,043     27,682      22,387         5,295      26,639      21,888           4,751
      June                -2,695     22,479      17,844         4,635      25,174      20,029           5,145
      September            5,158     26,680      21,485         5,195      21,522      17,748           3,774
      December             3,694     26,464      19,475         6,989      22,770      19,047           3,723
  
1995  March               -3,759     23,280      19,257         4,023      27,039      22,203           4,836
      June                    34     24,111      19,856         4,255      24,077      19,726           4,351
      September            2,111     26,854      21,795         5,059      24,743      19,425           5,318
      December             3,941     27,797      21,788         6,009      23,856      19,625           4,231
  
1996  March               -3,368     23,792      19,325         4,467      27,160      22,506           4,654
      June                -2,488     23,585      19,142         4,443      26,073      19,347           6,726
      September            2,422     26,832      21,584         5,248      24,410      19,693           4,717
      December             2,403     25,859      19,739         6,120      23,456      19,345           4,111
  
1997  March                  187     26,115      20,018         6,097      25,928      20,377           5,551
      June                 1,854     24,969      20,125         4,844      23,115      18,002           5,113
      September            1,282     26,537      21,823         4,714      25,255      21,233           4,022
      December             4,315     27,950      22,486         5,464      23,635      19,462           4,173
  
1998  March                2,311     27,788      22,442         5,346      25,477      21,621           3,856
      June                -3,088     23,801      18,666         5,135      26,889      21,857           5,032
      September            1,784     25,528      20,855         4,673      23,744      18,558           5,186
      December             5,295     28,067      22,843         5,224      22,772      19,196           3,576
  
1999  March               -2,345     25,766      20,598         5,168      28,111      22,577           5,534
      June                -2,159     24,403      19,483         4,920      26,562      21,983           4,579
      September            3,039     27,116      21,737         5,379      24,077      19,730           4,347
      December             3,155     27,506      21,922         5,584      24,351      19,973           4,378
  
2000  March                1,662     26,688      21,929         4,759      25,026      19,982           5,044
      June                -3,343     26,022      21,006         5,016      29,365      20,735           8,630
      September            2,698     28,846      24,008         4,838      26,148      20,798           5,350
      December             3,002     27,269      22,149         5,120      24,267      19,675           4,592
  
2001  March                  545     27,665      23,725         3,940      27,120      22,118           5,002
      June                  -342     24,817      19,679         5,138      25,159      20,532           4,627
      September            2,115     27,703      22,391         5,312      25,588      20,740           4,848
      December              -124     24,783      19,475         5,308      24,907      20,523           4,384
  
2002  March                  567     28,224      21,238         6,986      27,657      22,732           4,925
      June                -5,346     24,533      19,639         4,894      29,879      22,984           6,895
      September            3,511     27,482      22,797         4,685      23,971      19,620           4,351
      December              -152     23,401      19,497         3,904      23,553      19,729           3,824
  
2003  March                1,596     26,409      20,835         5,574      24,813      20,773           4,040
      June                -1,015     24,336      19,695         4,641      25,351      21,005           4,346
      September            3,088     25,931      20,719         5,212      22,843      19,330           3,513
      December               458     24,167      19,145         5,022      23,709      19,627           4,082
  
2004  March                  336     24,967      19,608         5,359      24,631      19,885           4,746
      June                 1,114     25,851      20,382         5,469      24,737      19,556           5,181
      September            3,860     27,223      22,426         4,797      23,363      19,220           4,143
      December              -636     24,480      19,394         5,086      25,116      20,915           4,201
  
2005  March                1,651     25,169      20,979         4,190      23,518      18,919           4,599
      June                 1,767     25,959      21,106         4,853      24,192      20,550           3,642
      September            2,871     28,257      23,091         5,166      25,386      20,566           4,820
      December            -2,273     24,222      19,403         4,819      26,495      21,831           4,664
  
2006  March                3,724     26,150      21,111         5,039      22,426      18,332           4,094
      June                 3,613     27,695      22,298         5,397      24,082      20,373           3,709
      September           -2,902     23,473      18,652         4,821      26,375      22,038           4,337
      December                25     25,836      20,652         5,184      25,811      21,569           4,242
  
2007  March                   86     24,730      20,042         4,688      24,644      20,709           3,935
      June                 2,501     27,089      21,725         5,364      24,588      20,788           3,800
      September           -2,316     23,624      19,090         4,534      25,940      21,802           4,138
      December            -1,211     24,348      20,470         3,878      25,559      21,239           4,320
  
2008  March                2,729     25,697      21,768         3,929      22,968      18,283           4,685
      June                 2,374     26,637      21,318         5,319      24,263      19,866           4,397
      September           -1,708     24,482      19,113         5,369      26,190      21,925           4,265
      December               -36     26,049      21,609         4,440      26,085      21,700           4,385
  
2009  March               -2,358     23,303      18,870         4,433      25,661      21,895           3,766
      June                  -434     25,255      20,040         5,215      25,689      21,913           3,776
      September           -1,607     23,434      18,249         5,185      25,041      20,892           4,149
      December              -753     23,993      19,698         4,295      24,746      20,526           4,220
  
2010  March                  234     24,349      18,365         5,984      24,115      19,661           4,454
      June                 4,384     26,222      21,046         5,176      21,838      18,689           3,149
      September              235     23,449      19,095         4,354      23,214      19,233           3,981
      December              -948     23,958      18,746         5,212      24,906      20,263           4,643
  
2011  March                2,648     24,128      18,721         5,407      21,480      18,358           3,122
      June                 2,909     26,315      21,282         5,033      23,406      19,652           3,754
      September            2,239     25,337      19,349         5,988      23,098      19,434           3,664
      December            -2,392     23,641      19,438         4,203      26,033      21,626           4,407
  
2012  March                4,443     27,006      20,546         6,460      22,563      19,176           3,387
      June                 3,907     27,182      22,098         5,084      23,275      19,229           4,046
      September           -2,835     22,708      18,329         4,379      25,543      20,926           4,617
      December              -981     24,196      19,599         4,597      25,177      20,728           4,449
  
2013  March                3,080     27,465      22,079         5,386      24,385      20,285           4,100
      June                 1,855     26,588      21,450         5,138      24,733      20,943           3,790
      September             -273     24,931      20,599         4,332      25,204      20,969           4,235
      December              -527     25,632      21,542         4,090      26,159      21,480           4,679
  
2014  March                2,859     27,541      22,089         5,452      24,682      20,810           3,872
      June                  -234     27,349      22,069         5,280      27,583      23,456           4,127
      September           -2,120     23,985      18,714         5,271      26,105      22,317           3,788
      December               566     26,740      22,086         4,654      26,174      21,416           4,758
  
2015  March                2,952     26,845      21,825         5,020      23,893      20,796           3,097
      June                  -760     27,230      22,863         4,367      27,990      23,527           4,463
      September           -3,021     22,968      18,160         4,808      25,989      21,767           4,222
      December            -2,457     24,153      19,615         4,538      26,610      22,426           4,184
  
2016  March                  -61     24,277      20,087         4,190      24,338      20,669           3,669
      June                -2,026     26,205      21,574         4,631      28,231      23,279           4,952
      September           -5,090     22,603      17,740         4,863      27,693      23,587           4,106
      December              -670     24,029      19,947         4,082      24,699      20,500           4,199
  
2017  March                 -958     23,211      19,357         3,854      24,169      21,026           3,143
      June                 2,556     27,146      22,550         4,596      24,590      20,521           4,069
      September           -4,959     21,147      17,129         4,018      26,106      22,037           4,069
      December            -2,036     23,051      18,348         4,703      25,087      20,844           4,243
  

(1) Net change is the difference between total gross job gains and total gross job losses.
