Table 1.  Private sector gross job gains and job losses, seasonally adjusted

Alabama

Total private                                

                                                  Gross job gains                       Gross job losses
Year  3 months ended  Net change (1) Total    Expanding      Opening      Total     Contracting      Closing
                                           establishments establishments           establishments establishments

1992  September           11,450     89,092      73,116        15,976      77,642      63,801          13,841
      December             8,443     94,755      74,158        20,597      86,312      66,930          19,382
  
1993  March                4,503     97,882      75,865        22,017      93,379      70,792          22,587
      June                17,336     95,946      75,767        20,179      78,610      63,769          14,841
      September            5,585     98,568      75,181        23,387      92,983      70,303          22,680
      December             6,179     98,960      75,663        23,297      92,781      73,197          19,584
  
1994  March                2,249     98,023      70,716        27,307      95,774      73,041          22,733
      June                14,458    102,345      78,347        23,998      87,887      68,327          19,560
      September           26,562    108,370      82,573        25,797      81,808      65,513          16,295
      December             5,875     97,523      76,358        21,165      91,648      72,009          19,639
  
1995  March               11,199    105,233      79,831        25,402      94,034      73,684          20,350
      June                 9,672    109,865      83,408        26,457     100,193      77,879          22,314
      September           13,092    107,203      83,321        23,882      94,111      77,443          16,668
      December             1,089     99,155      79,241        19,914      98,066      77,305          20,761
  
1996  March                1,013     99,596      77,802        21,794      98,583      83,079          15,504
      June                 6,554    101,623      80,791        20,832      95,069      77,452          17,617
      September           13,560    110,087      82,266        27,821      96,527      78,851          17,676
      December             9,701    102,940      81,043        21,897      93,239      78,752          14,487
  
1997  March                6,802     98,650      79,284        19,366      91,848      76,870          14,978
      June                 4,338    101,752      81,244        20,508      97,414      83,158          14,256
      September            7,888    107,137      82,560        24,577      99,249      79,282          19,967
      December             1,883    107,207      84,279        22,928     105,324      85,068          20,256
  
1998  March               11,072    108,848      83,873        24,975      97,776      84,168          13,608
      June                18,625    124,523      93,038        31,485     105,898      79,697          26,201
      September           -2,076    111,460      86,985        24,475     113,536      89,390          24,146
      December            -1,846    105,903      84,338        21,565     107,749      88,409          19,340
  
1999  March                6,072    111,394      83,108        28,286     105,322      86,617          18,705
      June                 4,532    109,335      87,246        22,089     104,803      80,759          24,044
      September            4,930    101,717      83,972        17,745      96,787      81,176          15,611
      December              -177    104,745      84,466        20,279     104,922      86,012          18,910
  
2000  March               -2,497    106,166      87,670        18,496     108,663      91,470          17,193
      June                 3,145    109,560      88,783        20,777     106,415      86,680          19,735
      September              -44    111,967      87,546        24,421     112,011      90,197          21,814
      December            -6,674    102,410      82,925        19,485     109,084      90,363          18,721
  
2001  March               -5,755    108,086      87,535        20,551     113,841      93,549          20,292
      June               -10,922    112,657      85,131        27,526     123,579      99,347          24,232
      September           -9,831    102,427      80,108        22,319     112,258      95,255          17,003
      December           -13,176     99,448      79,254        20,194     112,624      91,381          21,243
  
2002  March               -1,510    108,321      86,482        21,839     109,831      90,338          19,493
      June                -8,782     97,701      79,928        17,773     106,483      89,203          17,280
      September            2,032    101,423      80,251        21,172      99,391      84,189          15,202
      December            -4,306     99,430      80,038        19,392     103,736      89,049          14,687
  
2003  March                 -282    105,313      84,641        20,672     105,595      85,970          19,625
      June                -7,884     92,663      75,864        16,799     100,547      85,321          15,226
      September            2,029     98,252      79,892        18,360      96,223      79,202          17,021
      December             8,224    100,570      82,461        18,109      92,346      77,805          14,541
  
2004  March               13,725    108,107      88,134        19,973      94,382      76,993          17,389
      June                 7,610    101,370      83,659        17,711      93,760      79,200          14,560
      September            1,099     99,911      82,971        16,940      98,812      83,490          15,322
      December            16,360    108,581      89,990        18,591      92,221      77,837          14,384
  
2005  March               11,454    110,832      91,860        18,972      99,378      82,209          17,169
      June                 5,982    106,620      87,515        19,105     100,638      86,305          14,333
      September           14,065    111,404      91,141        20,263      97,339      82,168          15,171
      December            10,928    111,041      92,530        18,511     100,113      82,579          17,534
  
2006  March               11,424    105,373      89,212        16,161      93,949      80,152          13,797
      June                  -680    100,318      84,694        15,624     100,998      87,570          13,428
      September           -1,801    100,622      84,190        16,432     102,423      89,176          13,247
      December             3,761    106,178      86,857        19,321     102,417      88,646          13,771
  
2007  March               21,327    113,839      96,291        17,548      92,512      77,682          14,830
      June                -8,938    100,170      82,463        17,707     109,108      94,666          14,442
      September             -121    101,872      83,228        18,644     101,993      86,471          15,522
      December             4,814    108,684      88,397        20,287     103,870      87,965          15,905
  
2008  March               -7,170     98,837      82,298        16,539     106,007      88,692          17,315
      June               -12,243     94,115      77,232        16,883     106,358      92,124          14,234
      September          -11,634     95,178      77,251        17,927     106,812      90,949          15,863
      December           -36,573     84,004      68,319        15,685     120,577     103,836          16,741
  
2009  March              -42,833     76,052      61,860        14,192     118,885     102,918          15,967
      June               -24,046     82,858      67,171        15,687     106,904      91,057          15,847
      September          -15,727     86,586      70,910        15,676     102,313      81,939          20,374
      December            -5,019     87,908      72,133        15,775      92,927      78,139          14,788
  
2010  March               -2,480     85,116      70,087        15,029      87,596      74,450          13,146
      June                 6,238     91,277      73,261        18,016      85,039      71,868          13,171
      September           -4,431     90,418      74,199        16,219      94,849      76,852          17,997
      December             3,085     92,894      73,701        19,193      89,809      74,844          14,965
  
2011  March                1,280     86,038      71,694        14,344      84,758      70,230          14,528
      June                -1,266     87,492      71,990        15,502      88,758      74,917          13,841
      September            9,363     91,876      76,307        15,569      82,513      69,405          13,108
      December            -2,864     85,236      70,559        14,677      88,100      75,132          12,968
  
2012  March               11,189     91,922      76,558        15,364      80,733      67,952          12,781
      June                 3,735     86,613      71,770        14,843      82,878      71,286          11,592
      September              831     83,817      69,707        14,110      82,986      69,952          13,034
      December             4,405     85,441      70,405        15,036      81,036      68,473          12,563
  
2013  March                9,006     90,313      75,356        14,957      81,307      68,958          12,349
      June                 6,037     88,842      72,169        16,673      82,805      70,946          11,859
      September           -2,477     82,340      68,773        13,567      84,817      72,130          12,687
      December             8,607     88,800      74,393        14,407      80,193      66,171          14,022
  
2014  March                1,178     85,648      70,322        15,326      84,470      71,625          12,845
      June                 6,134     87,863      73,260        14,603      81,729      68,800          12,929
      September            6,603     89,473      74,413        15,060      82,870      71,176          11,694
      December            10,781     90,228      75,022        15,206      79,447      66,847          12,600
  
2015  March                1,295     85,769      71,033        14,736      84,474      73,142          11,332
      June                 8,663     90,258      75,080        15,178      81,595      69,305          12,290
      September            3,793     88,426      73,493        14,933      84,633      72,109          12,524
      December            15,041     96,782      79,353        17,429      81,741      68,136          13,605
  
2016  March                4,579     90,793      75,825        14,968      86,214      73,395          12,819
      June                  -546     90,760      75,187        15,573      91,306      76,111          15,195
      September            6,838     96,889      78,023        18,866      90,051      76,097          13,954
      December             1,394     91,681      75,497        16,184      90,287      76,083          14,204
  
2017  March               13,678     95,018      78,066        16,952      81,340      69,965          11,375
      June                -1,392     87,409      74,314        13,095      88,801      73,904          14,897
      September            3,000     94,500      77,193        17,307      91,500      76,123          15,377
      December             9,036     94,535      78,973        15,562      85,499      72,556          12,943
  

(1) Net change is the difference between total gross job gains and total gross job losses.
