Table 1.  Private sector gross job gains and job losses, seasonally adjusted

Arkansas

Total private                                

                                                  Gross job gains                       Gross job losses
Year  3 months ended  Net change (1) Total    Expanding      Opening      Total     Contracting      Closing
                                           establishments establishments           establishments establishments

1992  September              457     53,560      43,487        10,073      53,103      42,665          10,438
      December             4,999     55,374      45,557         9,817      50,375      41,775           8,600
  
1993  March                6,367     58,774      46,444        12,330      52,407      41,831          10,576
      June                13,834     60,074      49,177        10,897      46,240      37,952           8,288
      September           11,118     59,896      47,254        12,642      48,778      40,601           8,177
      December             5,538     55,060      47,098         7,962      49,522      42,378           7,144
  
1994  March                5,562     57,388      44,057        13,331      51,826      42,778           9,048
      June                17,717     65,250      54,605        10,645      47,533      38,815           8,718
      September           14,642     64,657      52,860        11,797      50,015      41,375           8,640
      December              -652     56,756      45,072        11,684      57,408      46,341          11,067
  
1995  March               10,281     65,644      50,716        14,928      55,363      45,973           9,390
      June                 5,533     62,907      50,359        12,548      57,374      46,063          11,311
      September            9,947     65,573      51,441        14,132      55,626      46,881           8,745
      December               804     62,007      48,976        13,031      61,203      50,726          10,477
  
1996  March                  -35     59,631      47,734        11,897      59,666      50,454           9,212
      June                 7,724     64,527      52,949        11,578      56,803      47,120           9,683
      September              703     59,993      49,380        10,613      59,290      50,277           9,013
      December              -946     58,251      48,334         9,917      59,197      50,096           9,101
  
1997  March                2,723     62,914      49,915        12,999      60,191      48,575          11,616
      June                 7,906     61,817      50,834        10,983      53,911      44,009           9,902
      September            7,969     64,699      53,932        10,767      56,730      45,795          10,935
      December             6,231     64,469      51,721        12,748      58,238      47,330          10,908
  
1998  March               -3,581     57,594      47,963         9,631      61,175      51,992           9,183
      June                 6,394     65,138      51,621        13,517      58,744      48,314          10,430
      September               13     63,039      51,286        11,753      63,026      52,990          10,036
      December             3,325     64,207      52,161        12,046      60,882      50,336          10,546
  
1999  March                4,543     65,083      51,620        13,463      60,540      50,296          10,244
      June                 4,222     63,064      51,976        11,088      58,842      48,288          10,554
      September            5,116     62,857      51,283        11,574      57,741      47,956           9,785
      December            10,188     67,867      55,251        12,616      57,679      48,096           9,583
  
2000  March                3,977     63,409      51,402        12,007      59,432      48,971          10,461
      June                  -611     61,570      49,712        11,858      62,181      50,604          11,577
      September             -299     62,378      50,792        11,586      62,677      52,283          10,394
      December            -2,207     60,678      49,107        11,571      62,885      52,816          10,069
  
2001  March                1,572     66,341      53,355        12,986      64,769      50,607          14,162
      June                -4,542     64,815      50,143        14,672      69,357      55,928          13,429
      September           -5,871     62,080      50,418        11,662      67,951      56,357          11,594
      December            -8,258     57,883      45,647        12,236      66,141      54,214          11,927
  
2002  March                3,308     62,110      51,207        10,903      58,802      48,884           9,918
      June                 3,437     63,890      50,802        13,088      60,453      50,826           9,627
      September           -2,291     58,174      46,531        11,643      60,465      48,295          12,170
      December            -3,438     55,432      45,133        10,299      58,870      49,731           9,139
  
2003  March               -6,195     54,181      44,709         9,472      60,376      50,345          10,031
      June                -4,528     55,853      45,555        10,298      60,381      49,853          10,528
      September            6,615     60,029      50,085         9,944      53,414      44,413           9,001
      December             4,448     57,537      46,075        11,462      53,089      43,871           9,218
  
2004  March                3,177     62,397      52,218        10,179      59,220      49,831           9,389
      June                 1,523     57,836      47,508        10,328      56,313      46,367           9,946
      September            3,267     56,398      46,033        10,365      53,131      44,978           8,153
      December             5,604     60,078      48,860        11,218      54,474      44,942           9,532
  
2005  March                5,507     62,608      50,803        11,805      57,101      45,238          11,863
      June                   -63     59,944      47,034        12,910      60,007      47,933          12,074
      September            6,907     61,959      50,696        11,263      55,052      45,367           9,685
      December             4,126     59,603      48,327        11,276      55,477      45,642           9,835
  
2006  March               10,612     64,949      50,557        14,392      54,337      44,508           9,829
      June                   324     60,195      46,708        13,487      59,871      50,642           9,229
      September           -5,447     57,964      46,392        11,572      63,411      53,311          10,100
      December             2,543     61,595      49,818        11,777      59,052      49,310           9,742
  
2007  March                7,551     62,668      52,092        10,576      55,117      45,533           9,584
      June                -6,665     55,158      45,299         9,859      61,823      52,788           9,035
      September           -1,485     56,220      46,472         9,748      57,705      48,404           9,301
      December             2,571     60,414      48,945        11,469      57,843      47,607          10,236
  
2008  March                1,354     59,011      46,820        12,191      57,657      47,125          10,532
      June                -7,042     56,825      45,314        11,511      63,867      53,077          10,790
      September           -2,685     59,639      47,614        12,025      62,324      49,924          12,400
      December           -12,690     54,902      43,267        11,635      67,592      55,721          11,871
  
2009  March              -13,532     54,340      42,773        11,567      67,872      56,159          11,713
      June               -17,309     51,628      40,511        11,117      68,937      57,379          11,558
      September           -6,788     54,729      42,383        12,346      61,517      46,810          14,707
      December             4,029     58,522      43,861        14,661      54,493      44,644           9,849
  
2010  March                1,591     54,026      44,714         9,312      52,435      42,689           9,746
      June                 8,813     61,521      49,931        11,590      52,708      43,422           9,286
      September           -2,674     55,222      45,338         9,884      57,896      46,673          11,223
      December            -4,905     53,060      44,004         9,056      57,965      46,404          11,561
  
2011  March                3,273     58,351      43,597        14,754      55,078      42,147          12,931
      June                -1,005     56,282      42,329        13,953      57,287      42,513          14,774
      September            9,349     63,769      46,612        17,157      54,420      41,511          12,909
      December             8,762     59,561      44,348        15,213      50,799      43,544           7,255
  
2012  March                1,753     55,000      46,232         8,768      53,247      44,148           9,099
      June                  -979     52,720      43,288         9,432      53,699      45,212           8,487
      September           -6,023     51,449      42,015         9,434      57,472      48,707           8,765
      December             5,575     55,958      46,020         9,938      50,383      40,790           9,593
  
2013  March                  693     55,219      44,077        11,142      54,526      44,950           9,576
      June                -5,740     50,588      39,636        10,952      56,328      46,992           9,336
      September            1,648     54,546      45,036         9,510      52,898      43,817           9,081
      December             2,906     55,595      45,550        10,045      52,689      42,910           9,779
  
2014  March                7,057     56,123      46,588         9,535      49,066      40,198           8,868
      June                 2,847     53,333      44,013         9,320      50,486      42,963           7,523
      September            4,521     56,767      47,564         9,203      52,246      43,024           9,222
      December            14,634     63,287      51,809        11,478      48,653      39,304           9,349
  
2015  March               -3,843     52,705      42,853         9,852      56,548      48,021           8,527
      June                 6,568     58,283      48,962         9,321      51,715      43,789           7,926
      September            7,964     59,644      48,818        10,826      51,680      42,852           8,828
      December            10,321     62,702      50,648        12,054      52,381      43,035           9,346
  
2016  March                  232     54,640      45,143         9,497      54,408      46,022           8,386
      June                -3,870     54,032      44,812         9,220      57,902      49,467           8,435
      September            6,629     61,522      49,704        11,818      54,893      46,272           8,621
      December             4,170     58,062      47,550        10,512      53,892      44,060           9,832
  
2017  March                5,378     56,151      46,382         9,769      50,773      41,543           9,230
      June                -3,868     52,890      43,437         9,453      56,758      48,613           8,145
      September            2,074     56,574      46,975         9,599      54,500      45,630           8,870
      December             9,304     59,343      49,049        10,294      50,039      39,326          10,713
  

(1) Net change is the difference between total gross job gains and total gross job losses.
