Table 1.  Private sector gross job gains and job losses, seasonally adjusted

Arizona

Total private                                

                                                  Gross job gains                       Gross job losses
Year  3 months ended  Net change (1) Total    Expanding      Opening      Total     Contracting      Closing
                                           establishments establishments           establishments establishments

1992  September           13,875    125,339      95,512        29,827     111,464      82,808          28,656
      December           -11,410    108,636      87,681        20,955     120,046      87,961          32,085
  
1993  March               28,420    125,768      94,455        31,313      97,348      82,014          15,334
      June                27,746    128,925     101,648        27,277     101,179      80,870          20,309
      September           18,725    130,619     103,075        27,544     111,894      87,162          24,732
      December            15,973    124,232     101,390        22,842     108,259      83,641          24,618
  
1994  March               26,491    136,856     104,832        32,024     110,365      88,173          22,192
      June                36,915    143,262     116,025        27,237     106,347      84,828          21,519
      September           23,980    137,483     111,545        25,938     113,503      89,065          24,438
      December            19,829    134,357     104,338        30,019     114,528      90,630          23,898
  
1995  March               38,300    160,639     122,884        37,755     122,339      89,603          32,736
      June                29,493    151,819     118,235        33,584     122,326      97,517          24,809
      September           17,007    144,908     114,107        30,801     127,901     101,991          25,910
      December            22,797    147,068     118,185        28,883     124,271     100,130          24,141
  
1996  March               31,391    162,581     126,375        36,206     131,190      97,997          33,193
      June                22,704    150,472     118,841        31,631     127,768     103,869          23,899
      September           14,864    148,384     118,569        29,815     133,520     103,707          29,813
      December            13,426    146,074     120,956        25,118     132,648     104,001          28,647
  
1997  March               21,747    160,093     129,992        30,101     138,346     109,481          28,865
      June                28,869    158,393     122,864        35,529     129,524      99,759          29,765
      September           25,808    158,594     129,373        29,221     132,786     104,030          28,756
      December            22,818    153,344     124,687        28,657     130,526     103,565          26,961
  
1998  March               24,885    157,899     124,372        33,527     133,014     100,276          32,738
      June                25,113    160,226     131,408        28,818     135,113     105,127          29,986
      September           12,799    153,152     126,142        27,010     140,353     108,403          31,950
      December            10,379    152,687     126,527        26,160     142,308     109,705          32,603
  
1999  March               15,537    163,605     133,311        30,294     148,068     109,671          38,397
      June                35,624    169,112     132,182        36,930     133,488     107,006          26,482
      September            7,506    157,701     127,850        29,851     150,195     116,193          34,002
      December             9,845    157,930     127,511        30,419     148,085     114,045          34,040
  
2000  March               23,921    185,533     150,715        34,818     161,612     125,813          35,799
      June                32,486    170,872     143,098        27,774     138,386     111,872          26,514
      September            2,133    157,827     129,334        28,493     155,694     117,269          38,425
      December             4,805    156,757     125,077        31,680     151,952     117,152          34,800
  
2001  March               -4,569    168,201     135,323        32,878     172,770     125,767          47,003
      June                -8,309    152,204     123,931        28,273     160,513     128,230          32,283
      September          -12,076    150,107     116,693        33,414     162,183     127,135          35,048
      December           -28,700    142,888     109,927        32,961     171,588     136,034          35,554
  
2002  March                7,151    155,301     119,145        36,156     148,150     112,194          35,956
      June                15,628    158,972     118,428        40,544     143,344     113,511          29,833
      September           -6,266    142,370     110,332        32,038     148,636     113,098          35,538
      December             3,985    141,953     114,057        27,896     137,968     112,215          25,753
  
2003  March                6,996    152,136     122,331        29,805     145,140     110,584          34,556
      June                 2,961    138,812     114,028        24,784     135,851     108,008          27,843
      September           21,872    153,822     113,355        40,467     131,950     100,019          31,931
      December            17,311    147,144     118,073        29,071     129,833     103,077          26,756
  
2004  March               18,897    152,583     125,710        26,873     133,686     101,712          31,974
      June                23,742    155,387     126,320        29,067     131,645      97,724          33,921
      September           22,444    158,123     120,393        37,730     135,679     104,958          30,721
      December            35,542    166,077     126,305        39,772     130,535     107,983          22,552
  
2005  March               31,892    178,714     136,830        41,884     146,822     114,012          32,810
      June                40,381    178,078     134,923        43,155     137,697     109,219          28,478
      September           46,314    177,545     138,806        38,739     131,231     104,124          27,107
      December            19,543    163,150     126,851        36,299     143,607     114,436          29,171
  
2006  March               53,605    184,631     141,031        43,600     131,026     106,185          24,841
      June                18,674    171,943     131,870        40,073     153,269     122,551          30,718
      September           16,575    169,506     136,237        33,269     152,931     122,281          30,650
      December            -1,748    157,098     126,151        30,947     158,846     128,184          30,662
  
2007  March               12,494    167,554     130,691        36,863     155,060     124,593          30,467
      June                  -588    156,866     122,535        34,331     157,454     124,088          33,366
      September           -6,928    153,264     123,541        29,723     160,192     126,945          33,247
      December           -17,997    152,955     117,443        35,512     170,952     139,769          31,183
  
2008  March              -19,393    137,259     107,584        29,675     156,652     127,752          28,900
      June               -32,030    137,148     105,760        31,388     169,178     134,099          35,079
      September          -28,136    134,946     105,565        29,381     163,082     133,121          29,961
      December           -67,168    124,967      95,215        29,752     192,135     156,195          35,940
  
2009  March              -63,283    115,512      86,336        29,176     178,795     147,016          31,779
      June               -49,923    117,358      88,118        29,240     167,281     132,648          34,633
      September          -18,675    125,286     100,853        24,433     143,961     115,314          28,647
      December           -14,549    127,375      99,327        28,048     141,924     111,648          30,276
  
2010  March               -2,170    122,293      98,766        23,527     124,463     100,872          23,591
      June                -2,579    121,565      98,713        22,852     124,144      96,027          28,117
      September           -6,169    124,349      97,293        27,056     130,518     102,135          28,383
      December            25,197    139,430     110,011        29,419     114,233      89,253          24,980
  
2011  March                  -39    118,741      96,111        22,630     118,780      94,694          24,086
      June                 7,727    129,086     102,473        26,613     121,359      93,958          27,401
      September           17,695    136,705     109,664        27,041     119,010      93,482          25,528
      December            13,197    135,207     108,368        26,839     122,010      95,541          26,469
  
2012  March               12,399    130,085     106,107        23,978     117,686      95,985          21,701
      June                 5,821    129,730     103,971        25,759     123,909      99,581          24,328
      September           16,176    134,154     108,452        25,702     117,978      94,531          23,447
      December            19,877    140,459     113,549        26,910     120,582      95,659          24,923
  
2013  March                9,380    129,519     103,105        26,414     120,139      97,791          22,348
      June                 7,976    130,515     106,797        23,718     122,539      97,115          25,424
      September           18,081    134,635     110,724        23,911     116,554      95,825          20,729
      December            26,399    141,906     114,502        27,404     115,507      93,047          22,460
  
2014  March               -1,626    125,167     102,026        23,141     126,793     105,274          21,519
      June                 3,024    129,455     106,271        23,184     126,431     101,486          24,945
      September           18,318    136,888     111,167        25,721     118,570      95,892          22,678
      December            37,047    151,213     124,167        27,046     114,166      91,419          22,747
  
2015  March                4,405    130,379     106,988        23,391     125,974     104,069          21,905
      June                 7,025    132,228     107,407        24,821     125,203     101,059          24,144
      September           29,390    150,250     120,572        29,678     120,860      96,241          24,619
      December            31,814    155,011     123,677        31,334     123,197      97,961          25,236
  
2016  March                4,993    135,581     111,830        23,751     130,588     106,802          23,786
      June                   776    139,046     110,446        28,600     138,270     110,269          28,001
      September           43,916    164,484     133,453        31,031     120,568      99,283          21,285
      December            11,978    138,291     111,000        27,291     126,313     101,444          24,869
  
2017  March               10,267    136,971     110,214        26,757     126,704     102,247          24,457
      June                10,945    145,129     117,792        27,337     134,184     108,231          25,953
      September           31,695    156,480     125,410        31,070     124,785      99,945          24,840
      December            23,290    150,080     120,322        29,758     126,790     100,633          26,157
  

(1) Net change is the difference between total gross job gains and total gross job losses.
