Table 1.  Private sector gross job gains and job losses, seasonally adjusted

Hawaii

Total private                                

                                                  Gross job gains                       Gross job losses
Year  3 months ended  Net change (1) Total    Expanding      Opening      Total     Contracting      Closing
                                           establishments establishments           establishments establishments

1992  September           -1,438     27,789      20,217         7,572      29,227      23,103           6,124
      December            -1,664     30,341      23,740         6,601      32,005      24,773           7,232
  
1993  March                  236     30,973      23,648         7,325      30,737      24,043           6,694
      June                -1,487     27,689      20,778         6,911      29,176      24,545           4,631
      September           -3,480     26,805      20,140         6,665      30,285      23,361           6,924
      December            -1,883     29,979      22,045         7,934      31,862      25,761           6,101
  
1994  March                1,953     32,085      24,166         7,919      30,132      20,610           9,522
      June                 1,151     28,702      20,393         8,309      27,551      23,352           4,199
      September              124     27,921      22,090         5,831      27,797      21,988           5,809
      December            -1,178     28,995      21,086         7,909      30,173      22,691           7,482
  
1995  March                  596     28,200      20,388         7,812      27,604      21,348           6,256
      June                -1,928     25,904      20,638         5,266      27,832      22,295           5,537
      September           -3,014     25,802      21,039         4,763      28,816      21,850           6,966
      December            -1,754     25,149      19,851         5,298      26,903      21,192           5,711
  
1996  March                1,579     27,276      20,693         6,583      25,697      21,811           3,886
      June                -1,114     25,592      20,433         5,159      26,706      19,738           6,968
      September             -180     26,603      20,355         6,248      26,783      22,048           4,735
      December              -991     28,045      21,901         6,144      29,036      21,960           7,076
  
1997  March                1,590     27,450      19,485         7,965      25,860      20,792           5,068
      June                -1,703     24,891      19,341         5,550      26,594      21,505           5,089
      September           -1,373     24,406      19,898         4,508      25,779      20,375           5,404
      December            -1,130     26,535      21,077         5,458      27,665      19,623           8,042
  
1998  March                  252     25,284      19,737         5,547      25,032      19,296           5,736
      June                   652     26,164      20,191         5,973      25,512      20,356           5,156
      September              479     25,951      20,987         4,964      25,472      20,408           5,064
      December            -1,300     24,534      19,980         4,554      25,834      21,692           4,142
  
1999  March                  969     26,100      20,317         5,783      25,131      20,105           5,026
      June                 3,087     26,118      20,668         5,450      23,031      17,928           5,103
      September            1,682     26,022      20,288         5,734      24,340      18,689           5,651
      December             3,891     27,747      22,356         5,391      23,856      18,994           4,862
  
2000  March                5,046     30,346      23,383         6,963      25,300      20,049           5,251
      June                 5,652     30,226      23,795         6,431      24,574      19,224           5,350
      September            3,453     29,430      23,549         5,881      25,977      19,525           6,452
      December              -271     26,961      21,703         5,258      27,232      21,233           5,999
  
2001  March                1,351     27,174      21,906         5,268      25,823      19,716           6,107
      June                   852     27,634      21,058         6,576      26,782      20,501           6,281
      September           -2,008     25,140      20,327         4,813      27,148      21,968           5,180
      December           -14,901     22,675      17,647         5,028      37,576      32,127           5,449
  
2002  March                4,773     29,439      24,224         5,215      24,666      19,657           5,009
      June                 6,337     29,846      24,452         5,394      23,509      17,573           5,936
      September            2,322     25,759      21,700         4,059      23,437      18,532           4,905
      December             3,012     27,479      21,184         6,295      24,467      20,546           3,921
  
2003  March                1,427     27,730      22,981         4,749      26,303      19,915           6,388
      June                 1,514     25,047      20,612         4,435      23,533      19,314           4,219
      September            3,928     27,136      22,177         4,959      23,208      18,720           4,488
      December             2,827     27,052      21,679         5,373      24,225      19,500           4,725
  
2004  March                2,458     27,241      22,317         4,924      24,783      20,333           4,450
      June                 5,640     28,367      23,863         4,504      22,727      18,318           4,409
      September            4,861     28,742      22,696         6,046      23,881      19,582           4,299
      December             5,767     29,198      24,047         5,151      23,431      19,440           3,991
  
2005  March                3,000     27,507      23,229         4,278      24,507      20,374           4,133
      June                 5,866     29,490      24,973         4,517      23,624      19,141           4,483
      September            5,618     29,734      25,069         4,665      24,116      20,213           3,903
      December             2,346     28,244      23,424         4,820      25,898      22,098           3,800
  
2006  March                3,029     28,254      23,717         4,537      25,225      21,285           3,940
      June                 4,812     29,200      24,212         4,988      24,388      20,397           3,991
      September            1,711     27,772      23,312         4,460      26,061      21,782           4,279
      December               315     27,397      22,867         4,530      27,082      22,204           4,878
  
2007  March                1,538     28,536      22,998         5,538      26,998      22,508           4,490
      June                 3,697     30,001      24,553         5,448      26,304      21,486           4,818
      September           -3,573     26,454      21,992         4,462      30,027      24,270           5,757
      December               634     27,528      22,335         5,193      26,894      22,052           4,842
  
2008  March                 -138     28,772      23,608         5,164      28,910      24,008           4,902
      June                -6,428     27,488      22,234         5,254      33,916      26,941           6,975
      September           -8,787     25,101      19,845         5,256      33,888      28,945           4,943
      December            -9,730     24,146      19,154         4,992      33,876      28,384           5,492
  
2009  March               -7,441     22,768      18,170         4,598      30,209      25,075           5,134
      June                -6,475     23,441      18,358         5,083      29,916      24,072           5,844
      September           -3,928     23,744      18,598         5,146      27,672      22,276           5,396
      December            -2,230     24,360      19,168         5,192      26,590      21,038           5,552
  
2010  March                 -419     24,629      19,895         4,734      25,048      20,485           4,563
      June                  -826     24,773      20,059         4,714      25,599      20,499           5,100
      September            2,509     27,780      22,250         5,530      25,271      19,446           5,825
      December             3,238     26,671      21,682         4,989      23,433      18,445           4,988
  
2011  March                2,331     24,956      20,393         4,563      22,625      18,353           4,272
      June                -2,999     24,247      19,705         4,542      27,246      20,822           6,424
      September            6,298     28,050      22,783         5,267      21,752      17,579           4,173
      December             3,184     25,461      20,682         4,779      22,277      17,885           4,392
  
2012  March                  227     25,497      21,096         4,401      25,270      21,173           4,097
      June                 4,088     27,623      22,675         4,948      23,535      18,764           4,771
      September            4,033     26,897      21,241         5,656      22,864      18,476           4,388
      December             5,411     26,509      21,706         4,803      21,098      17,159           3,939
  
2013  March                2,321     25,710      21,292         4,418      23,389      19,292           4,097
      June                 1,217     26,119      21,544         4,575      24,902      20,129           4,773
      September            3,465     27,312      21,607         5,705      23,847      19,168           4,679
      December             4,630     27,247      22,746         4,501      22,617      18,528           4,089
  
2014  March                 -910     24,695      20,224         4,471      25,605      20,695           4,910
      June                    24     24,930      20,565         4,365      24,906      19,971           4,935
      September            3,576     26,618      22,026         4,592      23,042      18,962           4,080
      December             4,173     26,517      21,961         4,556      22,344      18,093           4,251
  
2015  March                2,152     26,112      21,947         4,165      23,960      19,994           3,966
      June                   930     25,603      21,275         4,328      24,673      20,024           4,649
      September            2,410     26,169      21,114         5,055      23,759      19,636           4,123
      December             6,925     30,125      24,240         5,885      23,200      18,368           4,832
  
2016  March                1,505     27,561      23,212         4,349      26,056      21,240           4,816
      June                -1,707     28,651      23,208         5,443      30,358      24,657           5,701
      September            5,726     31,080      24,491         6,589      25,354      21,102           4,252
      December              -102     26,673      21,332         5,341      26,775      22,301           4,474
  
2017  March                1,856     27,379      22,489         4,890      25,523      20,672           4,851
      June                -1,009     27,647      22,342         5,305      28,656      23,174           5,482
      September              716     28,750      22,388         6,362      28,034      22,907           5,127
      December             1,010     27,120      22,486         4,634      26,110      20,352           5,758
  

(1) Net change is the difference between total gross job gains and total gross job losses.
