Table 1.  Private sector gross job gains and job losses, seasonally adjusted

Iowa

Total private                                

                                                  Gross job gains                       Gross job losses
Year  3 months ended  Net change (1) Total    Expanding      Opening      Total     Contracting      Closing
                                           establishments establishments           establishments establishments

1992  September           10,782     75,506      62,530        12,976      64,724      53,920          10,804
      December            -2,513     68,837      56,472        12,365      71,350      59,558          11,792
  
1993  March                5,381     72,465      58,486        13,979      67,084      56,982          10,102
      June                10,286     76,769      60,400        16,369      66,483      57,404           9,079
      September           12,956     79,665      63,038        16,627      66,709      53,065          13,644
      December             3,932     74,239      62,628        11,611      70,307      57,835          12,472
  
1994  March                5,089     80,417      63,761        16,656      75,328      64,340          10,988
      June                22,743     85,560      64,185        21,375      62,817      53,330           9,487
      September           11,999     82,840      69,716        13,124      70,841      56,763          14,078
      December             5,339     79,039      64,138        14,901      73,700      62,545          11,155
  
1995  March               21,462     90,557      73,377        17,180      69,095      57,376          11,719
      June                -1,761     76,461      62,109        14,352      78,222      65,243          12,979
      September           12,697     81,691      67,049        14,642      68,994      59,217           9,777
      December             4,189     81,354      68,457        12,897      77,165      65,114          12,051
  
1996  March               10,276     85,089      69,078        16,011      74,813      63,251          11,562
      June                -7,948     77,268      63,173        14,095      85,216      72,784          12,432
      September            9,813     83,552      68,274        15,278      73,739      60,496          13,243
      December             6,664     80,370      66,976        13,394      73,706      63,132          10,574
  
1997  March                6,024     84,485      69,367        15,118      78,461      65,411          13,050
      June                 6,493     83,174      67,578        15,596      76,681      64,815          11,866
      September            6,388     84,045      68,512        15,533      77,657      65,284          12,373
      December            11,446     85,271      72,385        12,886      73,825      62,462          11,363
  
1998  March               12,636     93,972      70,727        23,245      81,336      67,713          13,623
      June                 4,864     92,144      72,831        19,313      87,280      72,050          15,230
      September            6,297     89,893      70,189        19,704      83,596      67,286          16,310
      December             7,884     88,539      72,924        15,615      80,655      65,485          15,170
  
1999  March               -2,085     90,874      71,213        19,661      92,959      66,967          25,992
      June                 5,165     87,944      67,683        20,261      82,779      66,816          15,963
      September           10,248    101,254      71,760        29,494      91,006      72,132          18,874
      December            11,822     91,858      72,002        19,856      80,036      66,260          13,776
  
2000  March                4,444     89,227      76,083        13,144      84,783      69,356          15,427
      June                -9,879     74,660      64,059        10,601      84,539      65,369          19,170
      September           11,206    104,506      73,931        30,575      93,300      76,146          17,154
      December            -6,134     81,779      65,190        16,589      87,913      71,427          16,486
  
2001  March               -1,604     90,061      75,367        14,694      91,665      71,915          19,750
      June               -12,945     83,646      65,986        17,660      96,591      70,530          26,061
      September           -8,127     78,663      66,469        12,194      86,790      68,315          18,475
      December           -14,104     70,480      58,613        11,867      84,584      69,176          15,408
  
2002  March                  259     82,635      64,594        18,041      82,376      69,423          12,953
      June                 1,188     76,815      62,942        13,873      75,627      62,994          12,633
      September               94     74,936      62,868        12,068      74,842      62,514          12,328
      December            -3,417     73,320      60,184        13,136      76,737      64,344          12,393
  
2003  March               -7,658     73,001      56,816        16,185      80,659      69,139          11,520
      June                -1,978     74,725      61,396        13,329      76,703      64,301          12,402
      September            8,379     75,529      62,449        13,080      67,150      57,397           9,753
      December             4,531     77,185      63,943        13,242      72,654      60,520          12,134
  
2004  March                3,263     75,407      62,468        12,939      72,144      60,533          11,611
      June                 5,019     76,162      63,691        12,471      71,143      59,153          11,990
      September            4,675     76,432      62,521        13,911      71,757      59,821          11,936
      December             9,825     80,121      65,316        14,805      70,296      59,803          10,493
  
2005  March                7,180     78,022      64,545        13,477      70,842      59,537          11,305
      June                  -232     76,726      63,912        12,814      76,958      64,184          12,774
      September            9,022     78,821      65,906        12,915      69,799      58,705          11,094
      December             4,593     77,987      64,091        13,896      73,394      62,246          11,148
  
2006  March               11,277     82,715      68,453        14,262      71,438      58,068          13,370
      June                 2,143     78,920      64,477        14,443      76,777      65,575          11,202
      September            1,706     75,733      63,315        12,418      74,027      64,309           9,718
      December             6,352     79,333      66,264        13,069      72,981      61,948          11,033
  
2007  March                  114     76,148      63,430        12,718      76,034      64,220          11,814
      June                 5,290     79,938      66,822        13,116      74,648      62,400          12,248
      September             -924     74,596      61,938        12,658      75,520      65,832           9,688
      December             6,099     78,234      65,511        12,723      72,135      61,870          10,265
  
2008  March                  438     76,595      64,862        11,733      76,157      62,037          14,120
      June                -4,694     75,313      63,402        11,911      80,007      66,167          13,840
      September             -974     74,722      62,001        12,721      75,696      64,713          10,983
      December           -12,808     72,219      60,383        11,836      85,027      72,128          12,899
  
2009  March              -24,585     64,475      52,526        11,949      89,060      76,517          12,543
      June               -15,923     67,935      56,075        11,860      83,858      72,992          10,866
      September           -5,661     65,551      55,981         9,570      71,212      61,697           9,515
      December            -4,403     68,832      56,358        12,474      73,235      62,484          10,751
  
2010  March               -1,934     65,202      55,553         9,649      67,136      56,697          10,439
      June                 1,948     69,379      60,248         9,131      67,431      58,721           8,710
      September              819     69,211      59,006        10,205      68,392      58,051          10,341
      December             8,437     76,164      61,596        14,568      67,727      56,233          11,494
  
2011  March                 -722     66,799      55,618        11,181      67,521      57,182          10,339
      June                 5,142     72,422      59,816        12,606      67,280      55,999          11,281
      September            9,958     75,098      61,087        14,011      65,140      54,249          10,891
      December             2,141     70,837      56,893        13,944      68,696      57,334          11,362
  
2012  March               12,436     76,030      60,912        15,118      63,594      54,055           9,539
      June                 6,645     71,162      60,363        10,799      64,517      54,466          10,051
      September            2,869     71,050      58,803        12,247      68,181      57,622          10,559
      December             3,534     71,553      58,827        12,726      68,019      57,345          10,674
  
2013  March                4,952     72,437      58,957        13,480      67,485      57,674           9,811
      June                 8,166     75,249      62,324        12,925      67,083      57,108           9,975
      September            6,665     75,044      60,694        14,350      68,379      58,654           9,725
      December             5,982     75,867      62,660        13,207      69,885      58,430          11,455
  
2014  March                2,475     73,239      61,733        11,506      70,764      58,852          11,912
      June                 6,491     78,660      65,521        13,139      72,169      59,410          12,759
      September              272     73,878      62,069        11,809      73,606      62,566          11,040
      December             6,029     78,310      65,741        12,569      72,281      60,513          11,768
  
2015  March                6,789     77,558      64,686        12,872      70,769      60,220          10,549
      June                   380     77,728      65,290        12,438      77,348      66,780          10,568
      September           -3,774     73,820      60,539        13,281      77,594      65,922          11,672
      December             4,745     77,844      64,499        13,345      73,099      61,358          11,741
  
2016  March                8,789     79,212      66,282        12,930      70,423      59,738          10,685
      June                -7,006     74,136      61,809        12,327      81,142      68,988          12,154
      September            3,991     79,033      65,702        13,331      75,042      63,451          11,591
      December            -3,038     73,955      60,823        13,132      76,993      66,440          10,553
  
2017  March                7,440     78,764      66,164        12,600      71,324      60,567          10,757
      June                  -511     73,448      61,704        11,744      73,959      63,780          10,179
      September           -3,254     70,162      57,852        12,310      73,416      63,509           9,907
      December             7,560     76,283      64,479        11,804      68,723      58,496          10,227
  

(1) Net change is the difference between total gross job gains and total gross job losses.
