Table 1.  Private sector gross job gains and job losses, seasonally adjusted

Illinois

Total private                                

                                                  Gross job gains                       Gross job losses
Year  3 months ended  Net change (1) Total    Expanding      Opening      Total     Contracting      Closing
                                           establishments establishments           establishments establishments

1992  September           66,522    351,885     279,273        72,612     285,363     224,340          61,023
      December                49    300,691     235,791        64,900     300,642     244,243          56,399
  
1993  March               39,262    340,051     266,127        73,924     300,789     236,718          64,071
      June                -1,323    314,668     256,042        58,626     315,991     236,050          79,941
      September           62,577    360,098     275,449        84,649     297,521     232,307          65,214
      December            27,206    338,915     265,928        72,987     311,709     240,897          70,812
  
1994  March               47,490    365,804     277,765        88,039     318,314     253,295          65,019
      June                29,266    338,619     260,011        78,608     309,353     234,925          74,428
      September           55,103    371,247     291,584        79,663     316,144     256,421          59,723
      December           -10,531    298,691     253,860        44,831     309,222     245,226          63,996
  
1995  March               88,312    402,723     296,586       106,137     314,411     244,589          69,822
      June               -19,226    322,993     252,315        70,678     342,219     261,215          81,004
      September           45,497    355,445     282,485        72,960     309,948     243,803          66,145
      December             4,117    335,964     256,149        79,815     331,847     255,907          75,940
  
1996  March               14,642    350,702     283,704        66,998     336,060     271,686          64,374
      June                14,708    327,069     252,772        74,297     312,361     273,164          39,197
      September           29,877    354,154     279,129        75,025     324,277     254,473          69,804
      December            33,595    347,845     285,350        62,495     314,250     257,881          56,369
  
1997  March               38,979    360,222     283,616        76,606     321,243     257,972          63,271
      June               -11,749    325,965     257,506        68,459     337,714     276,202          61,512
      September           33,836    357,539     287,077        70,462     323,703     259,306          64,397
      December            54,408    378,314     303,381        74,933     323,906     261,994          61,912
  
1998  March               26,282    371,777     300,835        70,942     345,495     284,146          61,349
      June                    36    357,388     271,500        85,888     357,352     289,799          67,553
      September           44,462    379,947     308,535        71,412     335,485     262,087          73,398
      December            28,386    346,414     280,101        66,313     318,028     262,375          55,653
  
1999  March                3,177    342,597     268,984        73,613     339,420     277,986          61,434
      June                 8,713    331,947     265,678        66,269     323,234     260,547          62,687
      September            8,065    322,441     264,901        57,540     314,376     254,847          59,529
      December            43,249    342,328     280,276        62,052     299,079     244,260          54,819
  
2000  March               42,602    360,905     297,275        63,630     318,303     259,235          59,068
      June                   433    326,091     265,950        60,141     325,658     272,320          53,338
      September            7,634    333,397     271,689        61,708     325,763     266,543          59,220
      December           -14,730    314,393     257,678        56,715     329,123     276,817          52,306
  
2001  March               14,343    349,593     294,153        55,440     335,250     271,226          64,024
      June               -39,085    311,679     250,413        61,266     350,764     293,000          57,764
      September          -67,816    287,186     237,260        49,926     355,002     290,283          64,719
      December           -51,314    296,992     242,625        54,367     348,306     292,720          55,586
  
2002  March              -28,102    293,392     240,484        52,908     321,494     265,570          55,924
      June               -16,354    308,913     248,318        60,595     325,267     268,051          57,216
      September           -5,001    292,825     239,341        53,484     297,826     248,395          49,431
      December           -16,026    298,722     246,026        52,696     314,748     261,226          53,522
  
2003  March              -32,542    284,554     232,255        52,299     317,096     264,895          52,201
      June               -16,229    289,873     237,938        51,935     306,102     251,480          54,622
      September            1,704    296,111     241,251        54,860     294,407     244,115          50,292
      December            -1,136    296,856     241,083        55,773     297,992     245,951          52,041
  
2004  March                5,131    306,923     249,172        57,751     301,792     243,506          58,286
      June                16,553    306,310     252,920        53,390     289,757     236,661          53,096
      September           -1,629    290,400     240,575        49,825     292,029     234,781          57,248
      December            15,499    298,574     239,835        58,739     283,075     226,366          56,709
  
2005  March               -4,815    281,878     228,549        53,329     286,693     235,128          51,565
      June                21,357    306,240     244,942        61,298     284,883     230,984          53,899
      September           31,565    304,749     249,315        55,434     273,184     225,984          47,200
      December             5,046    287,898     237,563        50,335     282,852     233,371          49,481
  
2006  March               27,569    293,935     248,087        45,848     266,366     217,118          49,248
      June                31,195    300,991     250,469        50,522     269,796     227,565          42,231
      September           -6,256    278,906     233,495        45,411     285,162     236,284          48,878
      December            12,337    289,262     238,548        50,714     276,925     230,325          46,600
  
2007  March               18,833    293,455     245,591        47,864     274,622     224,610          50,012
      June                14,420    293,594     247,252        46,342     279,174     228,630          50,544
      September          -17,424    269,321     224,666        44,655     286,745     239,380          47,365
      December             8,945    287,668     237,763        49,905     278,723     230,405          48,318
  
2008  March              -15,803    267,100     223,443        43,657     282,903     232,109          50,794
      June                -9,299    275,763     224,307        51,456     285,062     238,751          46,311
      September          -42,592    253,534     207,402        46,132     296,126     249,518          46,608
      December           -85,261    243,337     197,009        46,328     328,598     274,427          54,171
  
2009  March             -121,429    215,092     177,005        38,087     336,521     283,050          53,471
      June               -81,299    244,165     194,262        49,903     325,464     277,691          47,773
      September          -48,754    234,147     191,823        42,324     282,901     232,510          50,391
      December           -17,046    255,912     206,438        49,474     272,958     223,200          49,758
  
2010  March              -12,877    234,744     193,279        41,465     247,621     202,697          44,924
      June                34,564    266,834     223,806        43,028     232,270     189,810          42,460
      September            4,499    253,522     209,583        43,939     249,023     200,303          48,720
      December            33,293    283,482     226,924        56,558     250,189     202,910          47,279
  
2011  March                6,367    244,666     205,373        39,293     238,299     194,118          44,181
      June                25,016    272,808     225,000        47,808     247,792     205,217          42,575
      September           23,857    274,418     225,655        48,763     250,561     204,554          46,007
      December             6,862    264,374     215,263        49,111     257,512     209,636          47,876
  
2012  March               31,236    265,446     220,224        45,222     234,210     190,378          43,832
      June                20,939    264,681     222,279        42,402     243,742     203,807          39,935
      September           11,043    272,528     222,177        50,351     261,485     211,807          49,678
      December             5,185    257,254     217,319        39,935     252,069     204,150          47,919
  
2013  March                6,326    270,514     224,398        46,116     264,188     212,799          51,389
      June                21,034    283,558     232,964        50,594     262,524     207,549          54,975
      September            9,256    283,318     223,214        60,104     274,062     221,811          52,251
      December            23,941    286,212     240,461        45,751     262,271     208,945          53,326
  
2014  March               14,062    286,134     223,799        62,335     272,072     225,009          47,063
      June                32,489    303,151     250,432        52,719     270,662     212,243          58,419
      September           -2,578    284,653     230,703        53,950     287,231     230,894          56,337
      December            35,552    310,045     245,255        64,790     274,493     215,991          58,502
  
2015  March                5,230    292,459     227,403        65,056     287,229     228,144          59,085
      June                49,276    309,839     246,452        63,387     260,563     210,759          49,804
      September          -13,897    277,290     220,038        57,252     291,187     232,682          58,505
      December            37,172    321,203     257,708        63,495     284,031     226,485          57,546
  
2016  March                 -359    283,828     234,999        48,829     284,187     229,005          55,182
      June                 1,251    302,719     238,485        64,234     301,468     246,731          54,737
      September            3,323    294,960     236,783        58,177     291,637     230,519          61,118
      December            18,906    309,191     239,702        69,489     290,285     232,108          58,177
  
2017  March               21,666    298,256     237,832        60,424     276,590     223,655          52,935
      June                12,379    295,556     242,883        52,673     283,177     234,505          48,672
      September          -22,174    287,491     235,806        51,685     309,665     251,279          58,386
      December            36,150    310,581     254,694        55,887     274,431     217,908          56,523
  

(1) Net change is the difference between total gross job gains and total gross job losses.
