Table 1.  Private sector gross job gains and job losses, seasonally adjusted

Indiana

Total private                                

                                                  Gross job gains                       Gross job losses
Year  3 months ended  Net change (1) Total    Expanding      Opening      Total     Contracting      Closing
                                           establishments establishments           establishments establishments

1992  September           21,240    151,699     127,091        24,608     130,459     113,825          16,634
      December             4,785    139,361     113,159        26,202     134,576     114,270          20,306
  
1993  March                6,972    148,033     120,530        27,503     141,061     121,991          19,070
      June                19,986    159,232     130,059        29,173     139,246     117,779          21,467
      September           30,141    159,879     131,958        27,921     129,738     112,348          17,390
      December            20,508    160,429     129,413        31,016     139,921     118,529          21,392
  
1994  March               29,584    173,048     141,762        31,286     143,464     115,003          28,461
      June                16,716    165,615     134,500        31,115     148,899     124,664          24,235
      September           39,282    195,689     153,431        42,258     156,407     121,549          34,858
      December            12,453    161,976     133,975        28,001     149,523     127,094          22,429
  
1995  March               36,655    189,240     155,460        33,780     152,585     125,571          27,014
      June                -2,935    157,642     132,586        25,056     160,577     137,891          22,686
      September           19,264    173,029     142,413        30,616     153,765     127,207          26,558
      December            -2,349    160,344     133,373        26,971     162,693     136,011          26,682
  
1996  March               -2,383    163,899     137,666        26,233     166,282     140,525          25,757
      June                11,795    168,526     135,038        33,488     156,731     130,984          25,747
      September           15,731    174,152     142,393        31,759     158,421     131,688          26,733
      December             5,775    171,358     139,664        31,694     165,583     139,115          26,468
  
1997  March               24,932    178,867     140,795        38,072     153,935     129,478          24,457
      June                -1,038    157,318     129,060        28,258     158,356     135,362          22,994
      September           16,239    172,180     146,136        26,044     155,941     129,048          26,893
      December            21,181    177,396     144,128        33,268     156,215     129,641          26,574
  
1998  March               10,310    172,676     141,787        30,889     162,366     133,864          28,502
      June                14,875    176,588     142,051        34,537     161,713     131,152          30,561
      September            3,858    170,679     141,349        29,330     166,821     139,978          26,843
      December            26,868    182,322     149,873        32,449     155,454     129,790          25,664
  
1999  March                8,579    182,927     149,475        33,452     174,348     141,200          33,148
      June                11,732    177,596     145,877        31,719     165,864     139,747          26,117
      September            4,652    170,003     143,868        26,135     165,351     138,207          27,144
      December            30,501    186,355     155,842        30,513     155,854     132,065          23,789
  
2000  March               12,776    182,032     149,090        32,942     169,256     138,139          31,117
      June               -10,733    164,065     135,316        28,749     174,798     144,603          30,195
      September          -14,268    166,319     134,385        31,934     180,587     144,666          35,921
      December           -15,098    163,272     137,391        25,881     178,370     149,044          29,326
  
2001  March              -14,205    172,391     137,675        34,716     186,596     152,220          34,376
      June               -18,682    157,139     127,544        29,595     175,821     148,515          27,306
      September          -20,127    149,251     125,657        23,594     169,378     144,949          24,429
      December           -26,517    146,207     119,702        26,505     172,724     144,767          27,957
  
2002  March               -9,160    159,306     126,999        32,307     168,466     137,389          31,077
      June                 2,620    163,583     133,116        30,467     160,963     129,825          31,138
      September            7,464    158,089     130,729        27,360     150,625     125,171          25,454
      December           -10,974    148,693     122,558        26,135     159,667     134,026          25,641
  
2003  March              -12,744    152,998     120,882        32,116     165,742     137,665          28,077
      June               -11,813    152,503     124,040        28,463     164,316     130,433          33,883
      September            8,862    152,388     123,092        29,296     143,526     122,354          21,172
      December             3,044    146,615     121,224        25,391     143,571     120,783          22,788
  
2004  March                8,230    152,512     129,806        22,706     144,282     121,300          22,982
      June                17,085    155,479     129,851        25,628     138,394     115,285          23,109
      September            6,788    151,241     125,861        25,380     144,453     121,281          23,172
      December             1,066    145,291     120,326        24,965     144,225     120,866          23,359
  
2005  March                1,951    146,182     120,718        25,464     144,231     119,071          25,160
      June                 2,745    150,743     126,434        24,309     147,998     119,985          28,013
      September           15,972    160,970     133,470        27,500     144,998     120,417          24,581
      December               590    150,175     123,908        26,267     149,585     126,089          23,496
  
2006  March               14,468    157,210     131,663        25,547     142,742     118,582          24,160
      June                -4,956    147,231     124,363        22,868     152,187     128,633          23,554
      September           -4,506    148,127     123,122        25,005     152,633     128,421          24,212
      December             5,359    153,213     125,845        27,368     147,854     124,780          23,074
  
2007  March                5,519    150,693     124,689        26,004     145,174     122,879          22,295
      June                 5,315    152,939     126,346        26,593     147,624     122,186          25,438
      September           -8,245    144,008     117,840        26,168     152,253     124,771          27,482
      December            -2,986    146,457     121,509        24,948     149,443     124,526          24,917
  
2008  March              -19,961    134,438     112,165        22,273     154,399     130,048          24,351
      June                -7,933    149,076     122,200        26,876     157,009     131,921          25,088
      September          -17,206    143,652     114,418        29,234     160,858     135,222          25,636
      December           -58,119    130,819     105,956        24,863     188,938     162,520          26,418
  
2009  March              -75,630    117,457      96,478        20,979     193,087     165,041          28,046
      June               -48,164    127,655     105,076        22,579     175,819     150,414          25,405
      September            1,958    142,439     119,920        22,519     140,481     116,248          24,233
      December             2,393    136,317     115,172        21,145     133,924     110,969          22,955
  
2010  March                  212    131,240     111,872        19,368     131,028     109,957          21,071
      June                16,964    145,291     122,483        22,808     128,327     105,369          22,958
      September            9,135    138,977     116,467        22,510     129,842     105,387          24,455
      December            15,834    146,185     118,004        28,181     130,351     107,308          23,043
  
2011  March               19,427    138,666     116,896        21,770     119,239     102,904          16,335
      June                 6,670    136,034     116,674        19,360     129,364     106,026          23,338
      September           23,264    150,964     124,267        26,697     127,700     105,199          22,501
      December             6,496    139,893     116,649        23,244     133,397     112,076          21,321
  
2012  March               32,129    153,064     129,199        23,865     120,935     101,827          19,108
      June                 8,743    141,045     118,646        22,399     132,302     112,595          19,707
      September            6,168    139,306     115,712        23,594     133,138     113,542          19,596
      December             9,577    141,361     119,004        22,357     131,784     110,161          21,623
  
2013  March                7,997    138,556     118,481        20,075     130,559     110,507          20,052
      June                12,094    141,030     117,971        23,059     128,936     109,832          19,104
      September            7,033    137,929     116,725        21,204     130,896     111,722          19,174
      December            22,536    149,143     129,107        20,036     126,607     105,032          21,575
  
2014  March               -6,718    131,757     111,516        20,241     138,475     116,688          21,787
      June                22,299    147,211     121,348        25,863     124,912     104,710          20,202
      September            1,916    134,576     111,755        22,821     132,660     111,671          20,989
      December            31,563    158,952     135,402        23,550     127,389     104,723          22,666
  
2015  March                1,226    136,719     113,630        23,089     135,493     116,295          19,198
      June                14,422    146,156     125,562        20,594     131,734     113,458          18,276
      September            2,885    139,869     116,322        23,547     136,984     117,924          19,060
      December            31,896    158,755     135,115        23,640     126,859     107,989          18,870
  
2016  March                4,653    141,901     121,844        20,057     137,248     119,525          17,723
      June                 2,182    138,247     118,560        19,687     136,065     116,912          19,153
      September           16,362    149,878     127,031        22,847     133,516     115,129          18,387
      December             5,368    142,574     123,879        18,695     137,206     115,588          21,618
  
2017  March               17,720    149,579     126,974        22,605     131,859     112,108          19,751
      June                 5,297    148,779     125,312        23,467     143,482     122,525          20,957
      September           -1,133    143,839     122,174        21,665     144,972     121,989          22,983
      December            18,586    152,373     130,371        22,002     133,787     110,491          23,296
  

(1) Net change is the difference between total gross job gains and total gross job losses.
