Table 1.  Private sector gross job gains and job losses, seasonally adjusted

Kansas

Total private                                

                                                  Gross job gains                       Gross job losses
Year  3 months ended  Net change (1) Total    Expanding      Opening      Total     Contracting      Closing
                                           establishments establishments           establishments establishments

1992  September            5,273     74,569      59,826        14,743      69,296      51,273          18,023
      December               683     66,953      52,127        14,826      66,270      54,723          11,547
  
1993  March                2,290     66,952      51,121        15,831      64,662      52,727          11,935
      June                 7,834     69,361      57,148        12,213      61,527      50,142          11,385
      September            6,756     69,553      54,851        14,702      62,797      52,523          10,274
      December                 1     66,531      52,805        13,726      66,530      53,411          13,119
  
1994  March               12,030     74,747      57,401        17,346      62,717      50,504          12,213
      June                 9,514     69,946      56,079        13,867      60,432      49,086          11,346
      September           10,557     73,200      59,946        13,254      62,643      53,372           9,271
      December             1,202     69,217      58,173        11,044      68,015      53,747          14,268
  
1995  March               15,104     79,455      64,305        15,150      64,351      50,970          13,381
      June                 2,313     69,869      57,483        12,386      67,556      55,346          12,210
      September            9,744     74,250      59,830        14,420      64,506      52,420          12,086
      December             3,733     73,907      60,647        13,260      70,174      56,256          13,918
  
1996  March               11,406     82,212      61,923        20,289      70,806      54,880          15,926
      June                 7,273     76,861      61,378        15,483      69,588      54,889          14,699
      September            6,672     76,409      61,677        14,732      69,737      55,516          14,221
      December             8,033     76,784      62,012        14,772      68,751      57,085          11,666
  
1997  March               12,128     87,199      68,611        18,588      75,071      57,944          17,127
      June                16,263     85,463      67,563        17,900      69,200      55,591          13,609
      September           14,740     90,266      70,263        20,003      75,526      58,992          16,534
      December             2,675     82,730      68,146        14,584      80,055      61,490          18,565
  
1998  March               12,789     89,149      65,925        23,224      76,360      61,737          14,623
      June                 6,948     88,514      71,057        17,457      81,566      60,948          20,618
      September            4,933     89,405      66,432        22,973      84,472      64,723          19,749
      December             9,918     88,905      66,572        22,333      78,987      62,696          16,291
  
1999  March               -2,963     85,196      66,526        18,670      88,159      67,754          20,405
      June                 2,842     90,981      67,255        23,726      88,139      65,104          23,035
      September            2,951     84,577      66,760        17,817      81,626      63,477          18,149
      December             6,118     88,912      66,611        22,301      82,794      67,036          15,758
  
2000  March                3,705     89,139      69,611        19,528      85,434      64,907          20,527
      June                 3,604     84,759      62,993        21,766      81,155      67,003          14,152
      September            1,068     83,173      64,129        19,044      82,105      62,362          19,743
      December            -5,451     74,215      62,550        11,665      79,666      64,823          14,843
  
2001  March                8,489     87,967      67,926        20,041      79,478      66,267          13,211
      June                -3,383     77,617      63,264        14,353      81,000      65,473          15,527
      September           -9,753     71,543      58,092        13,451      81,296      63,413          17,883
      December            -7,175     69,405      57,022        12,383      76,580      63,950          12,630
  
2002  March               -4,974     76,452      59,482        16,970      81,426      65,459          15,967
      June                   539     79,369      61,294        18,075      78,830      60,660          18,170
      September           -5,579     76,800      58,228        18,572      82,379      63,052          19,327
      December            -8,511     72,775      56,469        16,306      81,286      63,491          17,795
  
2003  March               -9,300     69,755      51,842        17,913      79,055      64,691          14,364
      June                -5,043     69,616      54,181        15,435      74,659      61,735          12,924
      September            4,154     72,959      59,840        13,119      68,805      57,484          11,321
      December             1,542     72,583      58,386        14,197      71,041      58,370          12,671
  
2004  March                2,873     71,614      58,185        13,429      68,741      57,450          11,291
      June                 3,733     71,474      59,235        12,239      67,741      56,375          11,366
      September            6,635     76,402      61,986        14,416      69,767      55,703          14,064
      December             2,504     72,921      58,950        13,971      70,417      56,426          13,991
  
2005  March               -2,865     69,898      55,592        14,306      72,763      58,119          14,644
      June                 5,704     73,164      57,291        15,873      67,460      55,551          11,909
      September              743     72,971      61,446        11,525      72,228      58,953          13,275
      December             3,685     69,957      56,036        13,921      66,272      52,794          13,478
  
2006  March                8,878     72,241      61,056        11,185      63,363      50,322          13,041
      June                   271     71,475      56,257        15,218      71,204      54,255          16,949
      September           14,094     79,940      62,193        17,747      65,846      53,261          12,585
      December             5,769     74,516      61,490        13,026      68,747      55,004          13,743
  
2007  March               10,448     77,997      64,996        13,001      67,549      54,891          12,658
      June                -4,104     70,472      56,270        14,202      74,576      59,394          15,182
      September            8,708     75,065      61,050        14,015      66,357      53,248          13,109
      December            -3,274     71,706      56,784        14,922      74,980      58,023          16,957
  
2008  March               10,038     86,535      69,850        16,685      76,497      60,583          15,914
      June                -4,166     72,011      56,593        15,418      76,177      60,823          15,354
      September           -7,938     67,690      54,740        12,950      75,628      64,319          11,309
      December            -5,540     73,767      59,231        14,536      79,307      65,695          13,612
  
2009  March              -23,515     55,545      44,097        11,448      79,060      67,452          11,608
      June               -21,987     57,618      45,753        11,865      79,605      68,397          11,208
      September           -9,052     57,962      46,602        11,360      67,014      58,873           8,141
      December            -5,732     62,029      51,651        10,378      67,761      55,551          12,210
  
2010  March               -5,538     56,846      46,251        10,595      62,384      51,251          11,133
      June                 2,747     61,968      50,314        11,654      59,221      47,887          11,334
      September           -1,203     62,006      50,565        11,441      63,209      48,893          14,316
      December            10,587     70,450      53,250        17,200      59,863      47,331          12,532
  
2011  March                 -533     60,788      49,607        11,181      61,321      50,370          10,951
      June                 1,319     63,092      50,790        12,302      61,773      50,476          11,297
      September            6,122     66,779      53,883        12,896      60,657      50,204          10,453
      December             2,216     64,035      51,294        12,741      61,819      51,547          10,272
  
2012  March               14,735     71,042      59,341        11,701      56,307      45,832          10,475
      June                 3,493     64,228      52,426        11,802      60,735      50,200          10,535
      September           -3,748     60,954      50,188        10,766      64,702      52,098          12,604
      December             8,597     67,751      52,868        14,883      59,154      48,215          10,939
  
2013  March                1,468     61,925      50,752        11,173      60,457      50,692           9,765
      June                 7,734     67,775      55,626        12,149      60,041      49,367          10,674
      September            6,575     69,567      53,726        15,841      62,992      51,814          11,178
      December             9,372     68,668      56,024        12,644      59,296      48,862          10,434
  
2014  March                2,459     64,101      53,848        10,253      61,642      50,560          11,082
      June                 5,594     67,953      56,370        11,583      62,359      51,957          10,402
      September             -445     63,370      51,783        11,587      63,815      54,055           9,760
      December            10,548     70,242      57,364        12,878      59,694      48,885          10,809
  
2015  March               -1,419     63,628      52,597        11,031      65,047      54,647          10,400
      June                 1,603     66,670      55,709        10,961      65,067      53,323          11,744
      September             -395     64,354      52,619        11,735      64,749      53,993          10,756
      December             8,103     70,871      56,658        14,213      62,768      51,406          11,362
  
2016  March               -1,268     65,870      51,985        13,885      67,138      55,702          11,436
      June                -6,053     63,815      53,070        10,745      69,868      55,785          14,083
      September            6,329     69,905      56,298        13,607      63,576      53,053          10,523
      December             2,612     67,413      54,459        12,954      64,801      53,294          11,507
  
2017  March                3,254     66,295      54,965        11,330      63,041      51,761          11,280
      June               -12,503     61,932      51,728        10,204      74,435      55,743          18,692
      September            6,507     70,689      52,431        18,258      64,182      52,784          11,398
      December             9,051     68,399      55,111        13,288      59,348      48,115          11,233
  

(1) Net change is the difference between total gross job gains and total gross job losses.
