Table 1.  Private sector gross job gains and job losses, seasonally adjusted

Kentucky

Total private                                

                                                  Gross job gains                       Gross job losses
Year  3 months ended  Net change (1) Total    Expanding      Opening      Total     Contracting      Closing
                                           establishments establishments           establishments establishments

1992  September            7,407     84,784      70,926        13,858      77,377      66,696          10,681
      December             4,889     85,829      69,558        16,271      80,940      68,558          12,382
  
1993  March                6,230     89,490      72,078        17,412      83,260      69,176          14,084
      June                18,674     96,453      78,812        17,641      77,779      65,316          12,463
      September           14,680     94,927      78,728        16,199      80,247      68,758          11,489
      December             3,842     90,205      73,927        16,278      86,363      71,797          14,566
  
1994  March               16,980     98,961      83,013        15,948      81,981      67,511          14,470
      June                22,380    104,423      87,912        16,511      82,043      68,826          13,217
      September           13,194     99,138      83,212        15,926      85,944      73,316          12,628
      December             7,666     96,364      79,387        16,977      88,698      75,681          13,017
  
1995  March                6,760     99,432      81,491        17,941      92,672      76,413          16,259
      June                12,063     99,643      81,310        18,333      87,580      75,943          11,637
      September            9,240    102,075      82,695        19,380      92,835      78,991          13,844
      December            -2,549     91,498      76,252        15,246      94,047      80,131          13,916
  
1996  March                6,213     99,116      81,662        17,454      92,903      75,023          17,880
      June                 6,510    101,336      82,781        18,555      94,826      76,280          18,546
      September           14,832    106,731      84,376        22,355      91,899      78,097          13,802
      December             3,376     98,590      80,252        18,338      95,214      79,555          15,659
  
1997  March               13,215    106,630      88,267        18,363      93,415      74,439          18,976
      June                 9,826    103,514      84,419        19,095      93,688      77,117          16,571
      September            7,012    106,723      88,303        18,420      99,711      82,234          17,477
      December             5,176    101,838      82,831        19,007      96,662      79,763          16,899
  
1998  March                7,824    106,977      88,345        18,632      99,153      80,309          18,844
      June                 9,879    110,250      87,785        22,465     100,371      81,242          19,129
      September           11,029    114,111      93,292        20,819     103,082      84,673          18,409
      December             4,953    104,072      85,871        18,201      99,119      84,735          14,384
  
1999  March                8,639    111,010      86,829        24,181     102,371      82,712          19,659
      June                 8,051    113,401      92,470        20,931     105,350      84,916          20,434
      September           13,972    121,449     101,170        20,279     107,477      85,454          22,023
      December             2,373    108,567      88,350        20,217     106,194      87,189          19,005
  
2000  March               20,578    116,980      94,147        22,833      96,402      81,144          15,258
      June               -13,021     94,989      81,085        13,904     108,010      89,617          18,393
      September            7,230    116,545      95,431        21,114     109,315      87,674          21,641
      December            -2,649    103,718      87,036        16,682     106,367      89,842          16,525
  
2001  March              -13,394     99,072      78,470        20,602     112,466      93,395          19,071
      June               -20,286    105,036      86,206        18,830     125,322     101,761          23,561
      September          -14,740     97,105      79,696        17,409     111,845      90,786          21,059
      December           -12,181     95,113      73,694        21,419     107,294      86,824          20,470
  
2002  March                5,675    104,905      82,648        22,257      99,230      79,289          19,941
      June                -5,379     97,597      77,216        20,381     102,976      85,046          17,930
      September           -1,992     96,700      79,769        16,931      98,692      80,921          17,771
      December            -1,297     98,392      79,900        18,492      99,689      82,943          16,746
  
2003  March                 -669     94,275      77,754        16,521      94,944      76,627          18,317
      June                -3,440     91,838      74,359        17,479      95,278      78,294          16,984
      September            7,776     94,528      78,278        16,250      86,752      71,279          15,473
      December             4,765     96,166      80,942        15,224      91,401      74,034          17,367
  
2004  March                1,005     94,402      76,560        17,842      93,397      76,987          16,410
      June                 6,531     93,529      74,465        19,064      86,998      72,837          14,161
      September            6,487     94,863      77,122        17,741      88,376      70,045          18,331
      December             9,042     97,634      76,942        20,692      88,592      72,162          16,430
  
2005  March                7,810    101,149      83,685        17,464      93,339      76,684          16,655
      June                 5,704     96,532      78,600        17,932      90,828      75,735          15,093
      September            6,151     96,462      77,554        18,908      90,311      74,219          16,092
      December            -2,139     93,373      74,770        18,603      95,512      76,982          18,530
  
2006  March               20,730    102,847      83,152        19,695      82,117      68,287          13,830
      June                -5,876     89,084      75,765        13,319      94,960      78,587          16,373
      September           -3,023     94,190      76,777        17,413      97,213      76,845          20,368
      December            13,226    104,224      80,575        23,649      90,998      75,923          15,075
  
2007  March               10,156    105,360      88,087        17,273      95,204      80,285          14,919
      June                 2,871     97,640      81,345        16,295      94,769      79,835          14,934
      September           -8,470     88,038      72,388        15,650      96,508      79,322          17,186
      December             4,667     96,537      79,010        17,527      91,870      78,012          13,858
  
2008  March               -2,385     91,346      76,921        14,425      93,731      79,715          14,016
      June                -1,933     92,536      75,915        16,621      94,469      79,453          15,016
      September          -18,452     83,311      68,167        15,144     101,763      86,605          15,158
      December           -23,996     83,628      69,643        13,985     107,624      92,031          15,593
  
2009  March              -35,479     73,985      60,488        13,497     109,464      93,170          16,294
      June               -21,320     81,745      67,360        14,385     103,065      88,448          14,617
      September           -5,581     84,629      70,244        14,385      90,210      76,291          13,919
      December             2,332     88,473      73,867        14,606      86,141      71,564          14,577
  
2010  March               -5,270     78,970      66,552        12,418      84,240      71,817          12,423
      June                 7,727     87,826      73,045        14,781      80,099      66,155          13,944
      September            2,300     83,849      68,917        14,932      81,549      68,514          13,035
      December            10,601     91,409      76,762        14,647      80,808      69,347          11,461
  
2011  March                1,965     85,164      72,155        13,009      83,199      70,107          13,092
      June                 5,736     87,201      72,532        14,669      81,465      67,589          13,876
      September           11,169     90,634      75,649        14,985      79,465      68,350          11,115
      December             3,232     86,182      72,909        13,273      82,950      70,131          12,819
  
2012  March               11,635     91,629      78,401        13,228      79,994      67,991          12,003
      June                 8,213     88,408      74,475        13,933      80,195      68,171          12,024
      September           -3,419     82,684      68,725        13,959      86,103      73,654          12,449
      December            11,344     92,521      76,965        15,556      81,177      68,070          13,107
  
2013  March                2,870     88,015      72,770        15,245      85,145      72,550          12,595
      June                 3,224     86,768      71,457        15,311      83,544      71,286          12,258
      September            6,193     88,109      73,100        15,009      81,916      69,559          12,357
      December            15,296     96,459      81,125        15,334      81,163      67,650          13,513
  
2014  March                3,826     92,678      75,225        17,453      88,852      75,309          13,543
      June                 8,399     91,880      75,956        15,924      83,481      69,733          13,748
      September            9,665     91,894      76,108        15,786      82,229      70,065          12,164
      December            19,275    100,864      85,374        15,490      81,589      66,309          15,280
  
2015  March               -8,023     84,898      69,965        14,933      92,921      80,537          12,384
      June                13,666     97,819      82,885        14,934      84,153      70,445          13,708
      September            6,137     93,569      76,065        17,504      87,432      73,918          13,514
      December            20,037    103,731      87,926        15,805      83,694      68,473          15,221
  
2016  March               -1,963     90,742      74,368        16,374      92,705      80,668          12,037
      June                 3,991     97,533      79,644        17,889      93,542      79,813          13,729
      September            8,163    107,152      88,203        18,949      98,989      80,241          18,748
      December             5,017     95,679      80,735        14,944      90,662      74,964          15,698
  
2017  March                5,046     90,878      76,050        14,828      85,832      73,056          12,776
      June                   976     95,401      75,362        20,039      94,425      79,680          14,745
      September              767     92,556      77,374        15,182      91,789      74,445          17,344
      December             7,831     93,898      80,080        13,818      86,067      69,932          16,135
  

(1) Net change is the difference between total gross job gains and total gross job losses.
