Table 1.  Private sector gross job gains and job losses, seasonally adjusted

Maryland

Total private                                

                                                  Gross job gains                       Gross job losses
Year  3 months ended  Net change (1) Total    Expanding      Opening      Total     Contracting      Closing
                                           establishments establishments           establishments establishments

1992  September            9,346    126,491      93,044        33,447     117,145      95,739          21,406
      December            -2,348    116,533      91,024        25,509     118,881      97,508          21,373
  
1993  March               -5,324    115,748      90,206        25,542     121,072      99,590          21,482
      June                19,685    130,268     102,973        27,295     110,583      89,439          21,144
      September            7,674    122,424      98,516        23,908     114,750      94,555          20,195
      December            11,623    126,115      98,048        28,067     114,492      92,261          22,231
  
1994  March                2,740    124,413     100,406        24,007     121,673      97,736          23,937
      June                20,522    131,986     106,901        25,085     111,464      90,546          20,918
      September           17,435    133,704     105,095        28,609     116,269      95,783          20,486
      December            -1,024    122,840      98,670        24,170     123,864     100,548          23,316
  
1995  March               12,707    136,614     105,951        30,663     123,907     101,936          21,971
      June                  -129    129,224     100,337        28,887     129,353     104,662          24,691
      September            7,872    133,991     106,117        27,874     126,119     100,250          25,869
      December             3,254    133,109     106,677        26,432     129,855     105,404          24,451
  
1996  March                5,112    136,569     108,768        27,801     131,457     100,994          30,463
      June                11,782    141,718     110,605        31,113     129,936     103,627          26,309
      September           14,491    136,713     108,591        28,122     122,222      98,740          23,482
      December             5,092    137,657     109,614        28,043     132,565     107,502          25,063
  
1997  March               19,216    147,451     113,459        33,992     128,235     102,022          26,213
      June                 6,972    139,587     109,169        30,418     132,615     105,753          26,862
      September            9,801    144,963     113,331        31,632     135,162     107,558          27,604
      December            21,561    157,853     120,852        37,001     136,292     104,192          32,100
  
1998  March                6,940    146,168     112,123        34,045     139,228     108,927          30,301
      June                 3,164    143,509     111,232        32,277     140,345     110,492          29,853
      September           17,099    149,661     116,490        33,171     132,562     105,129          27,433
      December            18,211    151,476     118,134        33,342     133,265     107,579          25,686
  
1999  March               15,213    155,258     115,875        39,383     140,045     109,798          30,247
      June                 8,729    145,592     115,201        30,391     136,863     105,329          31,534
      September           15,942    157,025     124,303        32,722     141,083     108,946          32,137
      December            25,024    160,854     129,002        31,852     135,830     108,093          27,737
  
2000  March               16,127    163,041     128,010        35,031     146,914     114,179          32,735
      June                 4,094    149,723     120,926        28,797     145,629     114,030          31,599
      September           17,839    161,587     128,103        33,484     143,748     108,161          35,587
      December             6,410    146,517     119,848        26,669     140,107     112,008          28,099
  
2001  March               -4,154    148,903     121,251        27,652     153,057     123,842          29,215
      June                -4,513    144,456     106,891        37,565     148,969     117,120          31,849
      September          -10,336    135,802     109,239        26,563     146,138     114,124          32,014
      December             7,204    144,731     110,714        34,017     137,527     109,667          27,860
  
2002  March               10,930    151,295     116,261        35,034     140,365     112,153          28,212
      June                -6,057    137,987     107,013        30,974     144,044     115,587          28,457
      September           -5,777    132,690     107,747        24,943     138,467     109,566          28,901
      December            -1,962    133,379     100,425        32,954     135,341     112,263          23,078
  
2003  March                2,781    142,919     112,523        30,396     140,138     110,369          29,769
      June                10,966    137,485     112,516        24,969     126,519     102,928          23,591
      September            7,128    135,429     104,154        31,275     128,301     101,696          26,605
      December             5,999    137,171     111,823        25,348     131,172     105,854          25,318
  
2004  March               13,678    146,554     118,060        28,494     132,876     105,014          27,862
      June                 5,391    143,329     111,870        31,459     137,938     108,845          29,093
      September            7,547    142,899     111,460        31,439     135,352     108,334          27,018
      December            11,364    144,335     114,621        29,714     132,971     106,004          26,967
  
2005  March                5,807    141,617     111,899        29,718     135,810     107,575          28,235
      June                 7,175    140,111     111,501        28,610     132,936     106,383          26,553
      September           14,296    143,817     115,575        28,242     129,521     107,808          21,713
      December               930    134,757     108,570        26,187     133,827     110,526          23,301
  
2006  March               19,392    146,919     120,946        25,973     127,527     104,879          22,648
      June                -2,736    134,453     106,832        27,621     137,189     112,872          24,317
      September           -2,549    132,428     109,277        23,151     134,977     111,775          23,202
      December             7,109    134,968     109,434        25,534     127,859     104,217          23,642
  
2007  March                9,017    135,807     110,798        25,009     126,790     104,626          22,164
      June                -2,266    127,735     108,130        19,605     130,001     108,771          21,230
      September              768    137,918     108,077        29,841     137,150     110,817          26,333
      December            -2,686    133,073     106,210        26,863     135,759     109,750          26,009
  
2008  March               -1,110    131,573     105,691        25,882     132,683     108,828          23,855
      June               -16,438    128,315     103,810        24,505     144,753     118,682          26,071
      September          -10,797    129,432     104,764        24,668     140,229     114,128          26,101
      December           -29,075    127,454     100,791        26,663     156,529     127,701          28,828
  
2009  March              -33,565    117,517      94,546        22,971     151,082     124,204          26,878
      June               -12,509    125,095      99,730        25,365     137,604     112,453          25,151
      September          -18,667    117,056      94,871        22,185     135,723     109,813          25,910
      December           -11,944    118,387      96,734        21,653     130,331     107,084          23,247
  
2010  March               -1,355    126,474     100,615        25,859     127,829     101,617          26,212
      June                19,559    137,626     110,304        27,322     118,067      96,213          21,854
      September             -948    127,088     101,798        25,290     128,036     104,815          23,221
      December             4,733    128,910     104,052        24,858     124,177      99,958          24,219
  
2011  March                3,883    123,418      99,618        23,800     119,535      95,454          24,081
      June                 3,635    131,051     105,688        25,363     127,416     101,044          26,372
      September            8,320    133,542     105,108        28,434     125,222     100,040          25,182
      December             6,545    128,624     102,590        26,034     122,079     100,489          21,590
  
2012  March               21,063    136,541     109,852        26,689     115,478      94,634          20,844
      June                 6,427    128,254     103,301        24,953     121,827     101,597          20,230
      September            1,160    128,918     104,413        24,505     127,758     103,741          24,017
      December             2,234    129,262     103,337        25,925     127,028     101,547          25,481
  
2013  March               10,357    129,185     105,241        23,944     118,828      96,374          22,454
      June                 1,675    126,689     103,768        22,921     125,014     100,513          24,501
      September            2,212    125,476     100,127        25,349     123,264     101,462          21,802
      December              -481    128,824     103,315        25,509     129,305     104,741          24,564
  
2014  March                2,125    122,041      98,235        23,806     119,916      98,369          21,547
      June                16,514    135,898     110,205        25,693     119,384      96,486          22,898
      September            4,313    133,078     106,987        26,091     128,765     104,417          24,348
      December            11,312    138,195     110,275        27,920     126,883     100,717          26,166
  
2015  March               -4,022    124,702      99,786        24,916     128,724     105,803          22,921
      June                24,341    148,270     118,162        30,108     123,929      98,078          25,851
      September            3,894    135,190     106,139        29,051     131,296     104,032          27,264
      December            17,419    141,729     113,173        28,556     124,310      97,925          26,385
  
2016  March                3,626    131,658     106,291        25,367     128,032     104,588          23,444
      June                 4,558    135,312     110,249        25,063     130,754     103,791          26,963
      September           12,529    139,923     113,217        26,706     127,394     103,168          24,226
      December             9,420    140,769     112,878        27,891     131,349     104,426          26,923
  
2017  March                5,182    131,540     105,292        26,248     126,358     103,044          23,314
      June                 4,268    137,552     112,340        25,212     133,284     108,246          25,038
      September             -668    133,359     108,845        24,514     134,027     107,407          26,620
      December             3,214    135,848     111,160        24,688     132,634     107,395          25,239
  

(1) Net change is the difference between total gross job gains and total gross job losses.
