Table 1.  Private sector gross job gains and job losses, seasonally adjusted

Maine

Total private                                

                                                  Gross job gains                       Gross job losses
Year  3 months ended  Net change (1) Total    Expanding      Opening      Total     Contracting      Closing
                                           establishments establishments           establishments establishments

1992  September            6,250     41,717      32,456         9,261      35,467      27,985           7,482
      December               188     35,959      28,138         7,821      35,771      27,671           8,100
  
1993  March               -1,028     38,770      28,282        10,488      39,798      28,630          11,168
      June                 5,038     36,781      27,164         9,617      31,743      23,832           7,911
      September            6,098     42,853      31,376        11,477      36,755      26,564          10,191
      December             2,112     38,770      27,663        11,107      36,658      27,935           8,723
  
1994  March                4,149     41,698      30,650        11,048      37,549      28,561           8,988
      June                   872     37,583      28,265         9,318      36,711      25,693          11,018
      September            9,903     46,593      34,164        12,429      36,690      26,460          10,230
      December             1,249     38,248      29,470         8,778      36,999      28,657           8,342
  
1995  March                3,222     41,531      32,127         9,404      38,309      30,398           7,911
      June                   -41     38,099      28,215         9,884      38,140      30,382           7,758
      September              304     41,036      30,957        10,079      40,732      28,693          12,039
      December            -2,618     37,367      27,839         9,528      39,985      31,550           8,435
  
1996  March                5,783     43,039      34,095         8,944      37,256      29,035           8,221
      June                -1,288     38,141      29,343         8,798      39,429      30,255           9,174
      September            5,646     42,802      32,972         9,830      37,156      27,570           9,586
      December             3,027     40,914      30,997         9,917      37,887      28,644           9,243
  
1997  March                2,314     42,065      33,907         8,158      39,751      29,954           9,797
      June                 2,434     42,500      30,889        11,611      40,066      30,680           9,386
      September            6,266     44,611      33,167        11,444      38,345      28,986           9,359
      December             3,089     44,437      31,868        12,569      41,348      31,762           9,586
  
1998  March                6,598     47,084      34,758        12,326      40,486      31,035           9,451
      June                 1,040     40,208      30,155        10,053      39,168      30,508           8,660
      September            6,567     43,627      35,178         8,449      37,060      28,804           8,256
      December             3,192     41,603      31,813         9,790      38,411      30,328           8,083
  
1999  March                7,908     45,985      34,846        11,139      38,077      29,625           8,452
      June                  -582     40,720      31,843         8,877      41,302      32,674           8,628
      September            2,875     43,652      33,793         9,859      40,777      31,933           8,844
      December             3,056     42,151      33,609         8,542      39,095      31,027           8,068
  
2000  March               13,779     50,722      38,367        12,355      36,943      29,581           7,362
      June                -1,009     40,962      31,905         9,057      41,971      34,399           7,572
      September           -2,885     42,807      34,722         8,085      45,692      36,852           8,840
      December             2,714     43,239      35,289         7,950      40,525      32,475           8,050
  
2001  March                4,544     46,848      37,331         9,517      42,304      34,659           7,645
      June                -2,648     39,483      30,645         8,838      42,131      33,816           8,315
      September           -6,578     37,490      29,337         8,153      44,068      33,799          10,269
      December            -4,184     37,240      28,940         8,300      41,424      32,068           9,356
  
2002  March                8,532     47,331      35,246        12,085      38,799      29,730           9,069
      June                    33     38,189      29,888         8,301      38,156      30,876           7,280
      September           -2,478     35,498      27,778         7,720      37,976      30,775           7,201
      December              -395     38,260      30,652         7,608      38,655      29,673           8,982
  
2003  March                2,926     41,663      31,734         9,929      38,737      30,279           8,458
      June                -2,757     37,824      29,531         8,293      40,581      30,727           9,854
      September            2,974     40,487      28,813        11,674      37,513      29,211           8,302
      December             1,285     40,205      31,211         8,994      38,920      29,291           9,629
  
2004  March                2,546     40,685      32,233         8,452      38,139      30,005           8,134
      June                -1,633     39,068      30,126         8,942      40,701      33,490           7,211
      September             -272     40,222      29,350        10,872      40,494      30,643           9,851
      December             3,385     41,689      30,804        10,885      38,304      29,701           8,603
  
2005  March               -3,710     38,976      27,750        11,226      42,686      31,840          10,846
      June                -1,574     38,466      29,586         8,880      40,040      30,769           9,271
      September             -408     37,468      28,784         8,684      37,876      29,672           8,204
      December             4,610     42,628      31,869        10,759      38,018      30,357           7,661
  
2006  March                1,439     39,051      29,582         9,469      37,612      29,252           8,360
      June                  -336     38,578      29,754         8,824      38,914      31,178           7,736
      September           -4,017     36,204      27,720         8,484      40,221      31,760           8,461
      December             4,614     41,677      32,042         9,635      37,063      28,782           8,281
  
2007  March                2,824     41,320      30,082        11,238      38,496      30,995           7,501
      June                -2,123     38,363      29,945         8,418      40,486      30,577           9,909
      September           -2,452     37,940      29,201         8,739      40,392      31,672           8,720
      December             5,169     41,048      31,712         9,336      35,879      27,899           7,980
  
2008  March                 -624     38,536      29,495         9,041      39,160      31,080           8,080
      June                -3,393     37,797      29,394         8,403      41,190      30,804          10,386
      September           -7,434     35,671      27,451         8,220      43,105      32,345          10,760
      December            -2,119     39,185      27,534        11,651      41,304      33,231           8,073
  
2009  March              -10,966     32,065      23,584         8,481      43,031      34,975           8,056
      June                -4,223     35,728      27,606         8,122      39,951      31,853           8,098
      September               50     36,591      27,728         8,863      36,541      28,855           7,686
      December              -812     36,357      27,277         9,080      37,169      29,342           7,827
  
2010  March               -2,889     32,805      24,914         7,891      35,694      28,012           7,682
      June                  -425     35,707      27,751         7,956      36,132      27,903           8,229
      September            2,151     36,188      28,014         8,174      34,037      26,696           7,341
      December               640     35,493      27,726         7,767      34,853      26,720           8,133
  
2011  March               -1,075     33,083      25,953         7,130      34,158      26,655           7,503
      June                   617     36,629      28,268         8,361      36,012      27,908           8,104
      September            4,500     37,171      28,804         8,367      32,671      25,907           6,764
      December            -1,427     33,459      26,353         7,106      34,886      27,488           7,398
  
2012  March                  546     35,448      28,345         7,103      34,902      26,686           8,216
      June                 3,893     37,916      29,096         8,820      34,023      27,509           6,514
      September           -2,281     33,149      26,188         6,961      35,430      29,378           6,052
      December            -1,862     34,402      26,930         7,472      36,264      28,494           7,770
  
2013  March               -1,426     32,795      26,104         6,691      34,221      27,329           6,892
      June                 7,363     38,983      30,262         8,721      31,620      25,748           5,872
      September              873     36,883      29,529         7,354      36,010      30,422           5,588
      December            -2,016     34,613      27,642         6,971      36,629      28,822           7,807
  
2014  March               -1,743     33,209      26,930         6,279      34,952      28,321           6,631
      June                 5,784     38,272      30,329         7,943      32,488      26,280           6,208
      September             -884     33,702      26,514         7,188      34,586      28,966           5,620
      December                38     35,375      29,002         6,373      35,337      28,160           7,177
  
2015  March               -2,538     32,733      26,400         6,333      35,271      28,513           6,758
      June                 7,553     39,993      31,200         8,793      32,440      26,722           5,718
      September           -2,563     33,219      26,747         6,472      35,782      29,065           6,717
      December               793     36,266      29,099         7,167      35,473      27,792           7,681
  
2016  March                2,251     36,757      29,467         7,290      34,506      27,039           7,467
      June                 4,169     38,785      30,296         8,489      34,616      26,946           7,670
      September           -3,269     33,988      26,048         7,940      37,257      30,348           6,909
      December             1,291     37,196      28,119         9,077      35,905      27,827           8,078
  
2017  March                3,730     36,582      27,902         8,680      32,852      26,197           6,655
      June                  -174     39,612      30,824         8,788      39,786      27,980          11,806
      September           -5,324     32,989      26,045         6,944      38,313      30,543           7,770
      December             2,030     36,310      28,955         7,355      34,280      26,847           7,433
  

(1) Net change is the difference between total gross job gains and total gross job losses.
