Table 1.  Private sector gross job gains and job losses, seasonally adjusted

Michigan

Total private                                

                                                  Gross job gains                       Gross job losses
Year  3 months ended  Net change (1) Total    Expanding      Opening      Total     Contracting      Closing
                                           establishments establishments           establishments establishments

1992  September           45,359    257,929     205,727        52,202     212,570     169,520          43,050
      December             4,867    237,256     177,087        60,169     232,389     180,807          51,582
  
1993  March                7,114    245,744     186,117        59,627     238,630     186,380          52,250
      June                13,061    246,399     188,683        57,716     233,338     178,550          54,788
      September           49,548    270,790     208,116        62,674     221,242     174,571          46,671
      December            48,598    266,140     207,648        58,492     217,542     170,262          47,280
  
1994  March               47,230    273,833     217,868        55,965     226,603     167,728          58,875
      June                13,021    261,376     198,069        63,307     248,355     186,818          61,537
      September           83,800    295,434     222,398        73,036     211,634     172,245          39,389
      December            20,705    259,696     206,491        53,205     238,991     183,369          55,622
  
1995  March               53,236    299,229     221,853        77,376     245,993     185,798          60,195
      June               -13,197    268,781     200,797        67,984     281,978     197,392          84,586
      September           38,275    284,750     211,491        73,259     246,475     195,449          51,026
      December            29,236    279,541     215,705        63,836     250,305     193,174          57,131
  
1996  March               22,626    295,294     218,773        76,521     272,668     216,922          55,746
      June                -8,709    276,346     217,498        58,848     285,055     210,435          74,620
      September           38,140    281,943     215,279        66,664     243,803     200,717          43,086
      December            32,064    285,255     224,323        60,932     253,191     191,182          62,009
  
1997  March               38,723    304,042     229,239        74,803     265,319     197,669          67,650
      June               -29,542    269,199     206,413        62,786     298,741     215,274          83,467
      September           32,805    314,879     237,849        77,030     282,074     214,430          67,644
      December            -8,635    327,774     236,628        91,146     336,409     200,216         136,193
  
1998  March               75,381    378,046     239,760       138,286     302,665     213,404          89,261
      June               -21,433    276,687     203,647        73,040     298,120     221,150          76,970
      September          -14,822    298,522     223,220        75,302     313,344     211,836         101,508
      December            38,536    299,531     229,006        70,525     260,995     191,492          69,503
  
1999  March                8,643    304,783     224,738        80,045     296,140     209,003          87,137
      June                25,597    309,815     218,454        91,361     284,218     221,085          63,133
      September            9,835    294,769     216,259        78,510     284,934     215,134          69,800
      December            55,367    315,653     238,515        77,138     260,286     199,562          60,724
  
2000  March               40,678    319,256     245,657        73,599     278,578     220,459          58,119
      June                -2,855    292,736     225,316        67,420     295,591     232,415          63,176
      September          -24,086    276,040     208,248        67,792     300,126     233,906          66,220
      December            -3,247    286,991     221,587        65,404     290,238     223,476          66,762
  
2001  March              -39,055    292,012     232,756        59,256     331,067     241,359          89,708
      June               -47,624    251,102     194,091        57,011     298,726     234,811          63,915
      September          -40,541    267,539     185,651        81,888     308,080     236,314          71,766
      December           -37,344    248,982     188,242        60,740     286,326     225,366          60,960
  
2002  March               -2,018    286,782     217,100        69,682     288,800     223,153          65,647
      June                -8,005    265,689     204,208        61,481     273,694     211,991          61,703
      September           -7,169    258,664     197,966        60,698     265,833     201,916          63,917
      December           -19,188    250,985     190,610        60,375     270,173     206,971          63,202
  
2003  March              -33,165    254,370     194,079        60,291     287,535     223,404          64,131
      June                -7,404    244,926     189,405        55,521     252,330     205,774          46,556
      September          -14,282    238,678     192,764        45,914     252,960     193,948          59,012
      December             5,304    248,888     187,653        61,235     243,584     193,120          50,464
  
2004  March              -14,439    256,571     194,087        62,484     271,010     206,791          64,219
      June                10,441    249,485     194,680        54,805     239,044     190,012          49,032
      September            7,280    255,795     205,268        50,527     248,515     188,204          60,311
      December              -970    243,883     188,547        55,336     244,853     195,601          49,252
  
2005  March               -8,002    252,977     196,632        56,345     260,979     201,012          59,967
      June                 3,552    253,885     193,100        60,785     250,333     199,995          50,338
      September            8,355    252,691     200,884        51,807     244,336     188,695          55,641
      December           -19,169    231,245     182,738        48,507     250,414     201,318          49,096
  
2006  March              -21,837    228,073     179,103        48,970     249,910     199,691          50,219
      June                -1,990    237,436     186,831        50,605     239,426     194,275          45,151
      September          -24,909    226,480     181,702        44,778     251,389     205,820          45,569
      December           -22,405    228,985     180,662        48,323     251,390     204,238          47,152
  
2007  March               -8,729    232,055     189,592        42,463     240,784     191,829          48,955
      June                   228    232,734     188,171        44,563     232,506     187,238          45,268
      September          -18,747    224,955     179,238        45,717     243,702     192,394          51,308
      December            -7,673    229,747     183,486        46,261     237,420     191,691          45,729
  
2008  March              -35,672    214,330     169,729        44,601     250,002     197,409          52,593
      June               -23,483    221,366     174,952        46,414     244,849     195,022          49,827
      September          -59,348    201,182     159,601        41,581     260,530     212,125          48,405
      December           -86,861    203,407     160,804        42,603     290,268     239,476          50,792
  
2009  March             -129,622    168,942     136,563        32,379     298,564     239,669          58,895
      June               -95,099    202,269     149,832        52,437     297,368     255,989          41,379
      September           11,019    226,971     191,229        35,742     215,952     167,934          48,018
      December            -6,598    214,617     169,502        45,115     221,215     172,799          48,416
  
2010  March              -16,181    185,775     150,406        35,369     201,956     161,218          40,738
      June                37,520    218,309     177,460        40,849     180,789     142,306          38,483
      September           31,475    217,208     180,032        37,176     185,733     142,310          43,423
      December             4,959    209,483     167,527        41,956     204,524     161,264          43,260
  
2011  March               23,279    204,904     167,541        37,363     181,625     141,926          39,699
      June                22,044    217,128     173,593        43,535     195,084     157,329          37,755
      September           46,482    230,333     185,516        44,817     183,851     146,111          37,740
      December             6,028    200,844     163,843        37,001     194,816     155,353          39,463
  
2012  March               32,398    206,359     168,744        37,615     173,961     140,012          33,949
      June                12,695    204,340     169,724        34,616     191,645     156,064          35,581
      September           14,588    208,786     166,886        41,900     194,198     159,434          34,764
      December            20,820    204,022     170,159        33,863     183,202     148,588          34,614
  
2013  March               37,672    211,390     172,462        38,928     173,718     147,648          26,070
      June                18,494    214,526     183,508        31,018     196,032     155,660          40,372
      September            9,863    208,056     173,071        34,985     198,193     161,483          36,710
      December            16,102    209,461     175,442        34,019     193,359     160,308          33,051
  
2014  March               12,584    192,631     156,669        35,962     180,047     154,745          25,302
      June                34,924    225,721     190,816        34,905     190,797     159,306          31,491
      September          -12,075    191,635     161,231        30,404     203,710     167,422          36,288
      December            33,627    219,915     185,511        34,404     186,288     153,840          32,448
  
2015  March                1,280    188,114     157,539        30,575     186,834     158,828          28,006
      June                30,631    218,914     192,490        26,424     188,283     159,065          29,218
      September           -8,154    194,644     163,796        30,848     202,798     168,824          33,974
      December            26,852    218,818     183,398        35,420     191,966     158,784          33,182
  
2016  March               14,453    193,986     161,849        32,137     179,533     157,662          21,871
      June                21,899    217,902     191,925        25,977     196,003     164,324          31,679
      September            6,194    208,459     174,993        33,466     202,265     168,250          34,015
      December             4,582    204,720     173,527        31,193     200,138     166,979          33,159
  
2017  March               26,681    211,095     176,452        34,643     184,414     161,789          22,625
      June                15,907    214,607     190,567        24,040     198,700     164,662          34,038
      September          -24,644    196,743     164,422        32,321     221,387     180,967          40,420
      December             4,568    209,001     176,755        32,246     204,433     166,726          37,707
  

(1) Net change is the difference between total gross job gains and total gross job losses.
