Table 1.  Private sector gross job gains and job losses, seasonally adjusted

Minnesota

Total private                                

                                                  Gross job gains                       Gross job losses
Year  3 months ended  Net change (1) Total    Expanding      Opening      Total     Contracting      Closing
                                           establishments establishments           establishments establishments

1992  September           26,497    184,257     120,830        63,427     157,760      98,234          59,526
      December            11,590    140,520     111,008        29,512     128,930     102,903          26,027
  
1993  March               16,343    139,573     108,479        31,094     123,230     101,654          21,576
      June                -2,211    129,765     103,058        26,707     131,976     104,422          27,554
      September           26,929    151,991     125,007        26,984     125,062      97,230          27,832
      December            21,653    152,876     116,603        36,273     131,223     106,458          24,765
  
1994  March               23,168    154,521     119,385        35,136     131,353     105,154          26,199
      June                 5,142    143,227     113,344        29,883     138,085     103,324          34,761
      September           16,064    160,109     126,213        33,896     144,045     102,310          41,735
      December            24,628    163,796     118,024        45,772     139,168     109,397          29,771
  
1995  March               35,932    176,149     130,373        45,776     140,217     103,082          37,135
      June                -5,682    142,415     109,242        33,173     148,097     115,884          32,213
      September           -5,495    150,973     119,466        31,507     156,468     105,745          50,723
      December            41,277    180,972     116,874        64,098     139,695     105,170          34,525
  
1996  March               22,227    167,333     125,564        41,769     145,106     109,040          36,066
      June                -2,265    150,166     111,477        38,689     152,431     123,682          28,749
      September           13,886    160,299     124,140        36,159     146,413     112,243          34,170
      December            15,979    160,711     127,806        32,905     144,732     111,563          33,169
  
1997  March               16,685    164,968     126,699        38,269     148,283     112,452          35,831
      June                 3,004    156,161     118,349        37,812     153,157     117,155          36,002
      September           37,061    184,949     136,826        48,123     147,888     111,989          35,899
      December            19,579    167,043     126,506        40,537     147,464     116,415          31,049
  
1998  March               27,154    179,422     142,588        36,834     152,268     110,362          41,906
      June                 1,824    165,741     118,768        46,973     163,917     126,557          37,360
      September           13,097    156,326     120,683        35,643     143,229     113,052          30,177
      December            13,296    157,449     126,512        30,937     144,153     108,541          35,612
  
1999  March               13,412    160,325     127,231        33,094     146,913     114,032          32,881
      June                14,168    156,092     121,956        34,136     141,924     113,229          28,695
      September           10,824    157,162     128,911        28,251     146,338     116,431          29,907
      December            24,321    168,455     134,796        33,659     144,134     111,629          32,505
  
2000  March               17,255    173,330     130,723        42,607     156,075     121,743          34,332
      June                 5,527    157,845     123,950        33,895     152,318     124,406          27,912
      September            6,990    164,842     124,480        40,362     157,852     122,745          35,107
      December            17,281    168,301     124,175        44,126     151,020     118,492          32,528
  
2001  March              -11,005    163,548     128,725        34,823     174,553     126,857          47,696
      June               -31,148    147,115     117,880        29,235     178,263     146,571          31,692
      September          -16,057    152,682     119,947        32,735     168,739     135,678          33,061
      December           -11,761    159,615     114,402        45,213     171,376     128,236          43,140
  
2002  March                 -944    162,723     122,118        40,605     163,667     128,426          35,241
      June                -4,338    156,758     118,231        38,527     161,096     126,151          34,945
      September            5,609    147,229     117,445        29,784     141,620     118,092          23,528
      December            -4,233    141,919     114,821        27,098     146,152     115,532          30,620
  
2003  March               -6,966    147,161     112,711        34,450     154,127     125,692          28,435
      June                 1,690    153,514     114,561        38,953     151,824     119,784          32,040
      September           -1,663    142,132     112,303        29,829     143,795     115,575          28,220
      December            -1,347    143,616     114,319        29,297     144,963     111,628          33,335
  
2004  March                  302    146,931     114,979        31,952     146,629     115,634          30,995
      June                32,665    157,545     122,764        34,781     124,880      99,151          25,729
      September           -6,407    150,209     112,175        38,034     156,616     117,819          38,797
      December            16,145    150,317     119,928        30,389     134,172     107,914          26,258
  
2005  March               -5,376    143,765     119,547        24,218     149,141     117,832          31,309
      June                 1,649    140,805     112,147        28,658     139,156     121,092          18,064
      September           42,079    174,492     137,405        37,087     132,413     110,911          21,502
      December            15,405    162,715     126,959        35,756     147,310     135,030          12,280
  
2006  March               13,567    155,422     123,266        32,156     141,855     118,916          22,939
      June                -6,327    151,528     129,028        22,500     157,855     120,065          37,790
      September          -29,632    139,439     117,596        21,843     169,071     121,373          47,698
      December             7,704    152,081     117,617        34,464     144,377     113,061          31,316
  
2007  March                4,231    143,187     107,170        36,017     138,956     114,459          24,497
      June                -1,097    146,697     120,588        26,109     147,794     108,829          38,965
      September           10,017    150,772     104,598        46,174     140,755     118,725          22,030
      December             5,238    146,668     115,721        30,947     141,430     112,546          28,884
  
2008  March                1,288    145,057     111,118        33,939     143,769     118,330          25,439
      June               -10,771    135,515     109,619        25,896     146,286     113,190          33,096
      September          -19,071    126,243     104,548        21,695     145,314     117,908          27,406
      December           -29,539    121,340      94,673        26,667     150,879     125,626          25,253
  
2009  March              -54,951    115,217      95,328        19,889     170,168     141,545          28,623
      June               -34,238    127,888     100,612        27,276     162,126     137,062          25,064
      September          -11,809    127,067      98,946        28,121     138,876     117,962          20,914
      December            -1,026    128,861     109,981        18,880     129,887     106,059          23,828
  
2010  March               -6,524    127,164      98,818        28,346     133,688     106,341          27,347
      June                23,380    135,625     111,955        23,670     112,245      93,822          18,423
      September            2,478    124,529     105,920        18,609     122,051      98,430          23,621
      December             7,779    134,308     107,534        26,774     126,529     102,597          23,932
  
2011  March               13,235    129,294     104,359        24,935     116,059      96,071          19,988
      June                20,857    139,727     113,172        26,555     118,870      95,269          23,601
      September           29,288    145,484     117,804        27,680     116,196      99,418          16,778
      December            -5,203    124,992     105,976        19,016     130,195     108,010          22,185
  
2012  March               15,221    145,969     117,434        28,535     130,748     108,156          22,592
      June                14,505    137,202     114,674        22,528     122,697     100,893          21,804
      September            9,670    137,040     109,085        27,955     127,370     105,275          22,095
      December             4,627    134,480     111,549        22,931     129,853     106,951          22,902
  
2013  March               21,421    141,041     117,134        23,907     119,620      99,339          20,281
      June                17,872    138,999     114,772        24,227     121,127     100,985          20,142
      September            4,919    131,846     110,476        21,370     126,927     107,765          19,162
      December             1,993    132,044     112,450        19,594     130,051     106,403          23,648
  
2014  March               -6,779    123,115     106,182        16,933     129,894     106,659          23,235
      June                33,588    152,006     118,703        33,303     118,418      98,191          20,227
      September           -2,196    131,686     108,803        22,883     133,882     112,177          21,705
      December             8,276    136,686     115,514        21,172     128,410     105,183          23,227
  
2015  March               10,140    133,202     111,707        21,495     123,062     103,750          19,312
      June                26,997    148,800     120,443        28,357     121,803     102,168          19,635
      September           -7,194    130,596     107,563        23,033     137,790     116,613          21,177
      December             8,088    145,327     119,771        25,556     137,239     110,610          26,629
  
2016  March                5,265    132,819     112,123        20,696     127,554     104,771          22,783
      June                 9,682    143,583     118,440        25,143     133,901     111,460          22,441
      September           14,790    148,763     121,480        27,283     133,973     113,839          20,134
      December             1,557    140,520     117,730        22,790     138,963     114,054          24,909
  
2017  March               25,349    142,651     118,667        23,984     117,302     103,972          13,330
      June                11,639    140,705     122,611        18,094     129,066     107,688          21,378
      September           -9,100    131,688     110,227        21,461     140,788     118,554          22,234
      December             5,953    143,126     119,533        23,593     137,173     112,930          24,243
  

(1) Net change is the difference between total gross job gains and total gross job losses.
