Table 1.  Private sector gross job gains and job losses, seasonally adjusted

North Dakota

Total private                                

                                                  Gross job gains                       Gross job losses
Year  3 months ended  Net change (1) Total    Expanding      Opening      Total     Contracting      Closing
                                           establishments establishments           establishments establishments

1992  September            2,119     16,252      13,050         3,202      14,133      11,693           2,440
      December             1,419     15,882      13,329         2,553      14,463      12,167           2,296
  
1993  March                  606     16,084      12,659         3,425      15,478      13,158           2,320
      June                 3,068     16,851      13,994         2,857      13,783      11,691           2,092
      September            3,288     17,614      14,708         2,906      14,326      11,934           2,392
      December             1,082     16,648      13,140         3,508      15,566      13,100           2,466
  
1994  March                3,320     18,036      13,970         4,066      14,716      12,522           2,194
      June                 3,282     18,061      15,073         2,988      14,779      12,417           2,362
      September            3,801     19,071      16,251         2,820      15,270      12,691           2,579
      December               847     17,038      13,804         3,234      16,191      13,567           2,624
  
1995  March                2,667     18,601      15,291         3,310      15,934      13,617           2,317
      June                   728     17,947      14,790         3,157      17,219      14,541           2,678
      September            1,635     18,260      15,455         2,805      16,625      13,898           2,727
      December               871     18,081      14,639         3,442      17,210      14,408           2,802
  
1996  March                3,324     19,220      15,993         3,227      15,896      13,679           2,217
      June                 1,790     19,563      16,309         3,254      17,773      14,840           2,933
      September              457     20,281      16,330         3,951      19,824      15,543           4,281
      December             1,623     20,309      16,420         3,889      18,686      15,433           3,253
  
1997  March                1,935     19,246      15,734         3,512      17,311      14,030           3,281
      June                   885     19,493      16,387         3,106      18,608      14,917           3,691
      September            1,742     20,430      16,829         3,601      18,688      14,456           4,232
      December             2,839     20,537      16,658         3,879      17,698      14,521           3,177
  
1998  March               -1,552     18,170      15,555         2,615      19,722      16,058           3,664
      June                  -309     18,898      15,159         3,739      19,207      15,625           3,582
      September              504     21,066      16,728         4,338      20,562      16,723           3,839
      December             1,017     20,083      17,156         2,927      19,066      15,759           3,307
  
1999  March                  848     20,231      17,041         3,190      19,383      16,219           3,164
      June                 2,498     20,844      16,761         4,083      18,346      14,512           3,834
      September            1,150     19,860      16,332         3,528      18,710      15,520           3,190
      December               488     21,028      17,189         3,839      20,540      16,545           3,995
  
2000  March                1,115     20,356      16,774         3,582      19,241      16,082           3,159
      June                   330     18,684      15,840         2,844      18,354      15,113           3,241
      September             -410     18,677      15,574         3,103      19,087      16,162           2,925
      December            -1,813     17,725      15,058         2,667      19,538      15,729           3,809
  
2001  March               -3,338     20,866      16,466         4,400      24,204      14,739           9,465
      June                   444     19,225      15,302         3,923      18,781      15,238           3,543
      September           -1,561     16,955      14,061         2,894      18,516      15,641           2,875
      December              -843     17,693      14,752         2,941      18,536      15,398           3,138
  
2002  March               -1,366     17,884      15,174         2,710      19,250      15,606           3,644
      June                 2,261     18,749      15,371         3,378      16,488      14,097           2,391
      September             -965     16,064      13,823         2,241      17,029      14,241           2,788
      December              -426     16,800      14,291         2,509      17,226      14,627           2,599
  
2003  March                 -467     16,956      13,758         3,198      17,423      14,975           2,448
      June                 2,336     18,530      15,054         3,476      16,194      12,607           3,587
      September            1,401     18,054      14,880         3,174      16,653      13,979           2,674
      December              -235     17,209      14,281         2,928      17,444      14,373           3,071
  
2004  March                2,263     18,575      15,410         3,165      16,312      13,681           2,631
      June                 3,488     19,353      16,244         3,109      15,865      12,954           2,911
      September              944     18,061      14,473         3,588      17,117      14,644           2,473
      December             1,476     18,208      15,081         3,127      16,732      14,221           2,511
  
2005  March                1,276     19,132      15,140         3,992      17,856      15,276           2,580
      June                 2,714     19,315      15,800         3,515      16,601      14,069           2,532
      September            2,006     19,224      15,870         3,354      17,218      14,725           2,493
      December               549     17,844      14,348         3,496      17,295      14,811           2,484
  
2006  March                4,387     21,846      17,956         3,890      17,459      14,161           3,298
      June                   768     20,125      16,081         4,044      19,357      16,606           2,751
      September            1,451     19,225      15,852         3,373      17,774      15,321           2,453
      December               750     19,022      15,447         3,575      18,272      15,629           2,643
  
2007  March                1,876     19,834      16,403         3,431      17,958      15,502           2,456
      June                   511     19,415      16,150         3,265      18,904      15,944           2,960
      September            1,038     19,191      15,826         3,365      18,153      15,692           2,461
      December             3,178     20,490      16,956         3,534      17,312      14,720           2,592
  
2008  March                4,701     22,210      18,727         3,483      17,509      14,815           2,694
      June                   203     19,182      15,873         3,309      18,979      16,359           2,620
      September            1,546     20,016      16,876         3,140      18,470      15,924           2,546
      December               863     19,896      16,811         3,085      19,033      16,232           2,801
  
2009  March               -4,897     17,277      14,229         3,048      22,174      18,909           3,265
      June                  -401     19,145      15,960         3,185      19,546      17,313           2,233
      September              957     19,357      16,026         3,331      18,400      15,985           2,415
      December             1,891     20,393      16,851         3,542      18,502      15,990           2,512
  
2010  March                1,301     20,524      17,654         2,870      19,223      16,599           2,624
      June                 1,618     20,364      17,049         3,315      18,746      15,966           2,780
      September            5,275     22,457      17,911         4,546      17,182      14,454           2,728
      December             7,060     24,899      20,443         4,456      17,839      14,953           2,886
  
2011  March                5,169     23,953      20,396         3,557      18,784      15,863           2,921
      June                 2,250     22,316      18,581         3,735      20,066      17,388           2,678
      September           12,710     31,142      24,825         6,317      18,432      15,565           2,867
      December            11,749     31,687      25,321         6,366      19,938      16,743           3,195
  
2012  March               13,914     34,259      27,522         6,737      20,345      16,609           3,736
      June                 5,545     27,075      21,959         5,116      21,530      18,081           3,449
      September            3,400     28,528      22,640         5,888      25,128      21,241           3,887
      December             4,847     28,926      22,974         5,952      24,079      20,227           3,852
  
2013  March                5,938     29,368      23,855         5,513      23,430      19,897           3,533
      June                  -655     26,096      21,463         4,633      26,751      23,093           3,658
      September            4,876     29,712      24,300         5,412      24,836      21,027           3,809
      December             4,578     29,651      24,309         5,342      25,073      21,132           3,941
  
2014  March                7,120     31,915      26,296         5,619      24,795      20,764           4,031
      June                 2,739     28,329      23,468         4,861      25,590      21,930           3,660
      September            4,352     30,372      25,252         5,120      26,020      21,811           4,209
      December             7,075     32,895      26,950         5,945      25,820      21,831           3,989
  
2015  March               -5,897     27,289      21,420         5,869      33,186      28,826           4,360
      June               -16,216     24,829      20,314         4,515      41,045      34,929           6,116
      September           -5,568     25,451      19,054         6,397      31,019      26,010           5,009
      December            -4,831     24,070      19,322         4,748      28,901      24,576           4,325
  
2016  March               -7,682     23,641      18,845         4,796      31,323      26,319           5,004
      June                -7,677     23,256      18,893         4,363      30,933      26,026           4,907
      September            3,358     27,990      22,938         5,052      24,632      20,063           4,569
      December            -3,514     23,021      17,667         5,354      26,535      22,249           4,286
  
2017  March                3,130     26,128      21,071         5,057      22,998      19,036           3,962
      June                  -584     23,242      19,465         3,777      23,826      19,642           4,184
      September             -295     23,088      18,855         4,233      23,383      18,573           4,810
      December               254     23,360      18,574         4,786      23,106      19,511           3,595
  

(1) Net change is the difference between total gross job gains and total gross job losses.
