Table 1.  Private sector gross job gains and job losses, seasonally adjusted

Nebraska

Total private                                

                                                  Gross job gains                       Gross job losses
Year  3 months ended  Net change (1) Total    Expanding      Opening      Total     Contracting      Closing
                                           establishments establishments           establishments establishments

1992  September            7,902     45,832      38,698         7,134      37,930      31,538           6,392
      December            -1,968     39,404      32,280         7,124      41,372      34,587           6,785
  
1993  March                5,126     42,086      35,146         6,940      36,960      31,648           5,312
      June                 6,479     43,797      37,478         6,319      37,318      30,728           6,590
      September            7,569     47,999      40,126         7,873      40,430      33,338           7,092
      December             3,876     46,618      39,113         7,505      42,742      35,470           7,272
  
1994  March                3,277     46,953      37,789         9,164      43,676      36,910           6,766
      June                10,875     51,900      38,937        12,963      41,025      31,844           9,181
      September            7,578     47,158      39,964         7,194      39,580      33,325           6,255
      December             4,284     44,228      36,245         7,983      39,944      33,906           6,038
  
1995  March               17,473     58,214      50,877         7,337      40,741      32,726           8,015
      June                -1,589     44,417      37,649         6,768      46,006      36,075           9,931
      September            5,371     47,638      40,338         7,300      42,267      35,371           6,896
      December             3,305     49,089      41,391         7,698      45,784      35,222          10,562
  
1996  March               14,078     59,546      43,953        15,593      45,468      34,481          10,987
      June                -3,318     42,655      36,307         6,348      45,973      39,844           6,129
      September            3,028     45,675      37,984         7,691      42,647      35,846           6,801
      December             4,689     46,267      39,772         6,495      41,578      34,891           6,687
  
1997  March               10,572     52,711      41,684        11,027      42,139      35,558           6,581
      June                -1,470     44,478      38,169         6,309      45,948      39,803           6,145
      September            4,896     49,758      40,367         9,391      44,862      36,315           8,547
      December             6,202     49,379      40,978         8,401      43,177      36,768           6,409
  
1998  March                3,080     47,529      40,632         6,897      44,449      37,332           7,117
      June                 8,007     50,661      42,137         8,524      42,654      34,934           7,720
      September            5,744     50,737      44,449         6,288      44,993      38,279           6,714
      December             6,605     49,801      42,293         7,508      43,196      35,298           7,898
  
1999  March               -1,014     47,369      39,732         7,637      48,383      40,274           8,109
      June                 4,059     49,681      41,054         8,627      45,622      37,903           7,719
      September            3,513     48,699      39,720         8,979      45,186      37,284           7,902
      December             5,999     49,904      42,080         7,824      43,905      36,058           7,847
  
2000  March                4,611     53,761      46,206         7,555      49,150      39,926           9,224
      June                 8,015     55,104      45,374         9,730      47,089      40,035           7,054
      September           -3,650     50,428      39,744        10,684      54,078      42,677          11,401
      December             1,271     48,592      39,638         8,954      47,321      40,194           7,127
  
2001  March                 -948     51,156      38,766        12,390      52,104      42,207           9,897
      June                -3,208     49,992      40,950         9,042      53,200      46,669           6,531
      September           -2,587     46,167      35,983        10,184      48,754      40,297           8,457
      December            -2,032     46,871      38,133         8,738      48,903      40,635           8,268
  
2002  March               -6,500     44,337      36,511         7,826      50,837      44,185           6,652
      June                 1,652     46,826      37,572         9,254      45,174      37,943           7,231
      September           -1,371     43,861      36,353         7,508      45,232      38,340           6,892
      December            -2,632     43,302      36,495         6,807      45,934      38,779           7,155
  
2003  March                  751     48,299      38,796         9,503      47,548      39,653           7,895
      June                   405     44,309      36,641         7,668      43,904      37,285           6,619
      September            3,212     44,620      37,789         6,831      41,408      35,278           6,130
      December             1,336     43,771      36,562         7,209      42,435      35,841           6,594
  
2004  March                  661     46,781      37,357         9,424      46,120      38,775           7,345
      June                 4,264     45,562      37,936         7,626      41,298      35,164           6,134
      September              425     44,716      37,621         7,095      44,291      36,990           7,301
      December             2,902     45,174      37,558         7,616      42,272      36,361           5,911
  
2005  March                5,137     48,673      40,737         7,936      43,536      36,767           6,769
      June                  -569     44,632      37,458         7,174      45,201      37,247           7,954
      September            1,874     45,901      37,229         8,672      44,027      37,675           6,352
      December             1,536     43,746      37,263         6,483      42,210      36,009           6,201
  
2006  March                4,958     46,418      39,565         6,853      41,460      35,125           6,335
      June                   144     46,099      38,064         8,035      45,955      38,983           6,972
      September            2,334     46,891      39,489         7,402      44,557      38,587           5,970
      December             3,771     48,260      40,552         7,708      44,489      37,354           7,135
  
2007  March                3,934     48,127      40,732         7,395      44,193      37,840           6,353
      June                 3,009     48,221      40,960         7,261      45,212      38,471           6,741
      September            4,822     48,759      40,916         7,843      43,937      37,453           6,484
      December             1,771     48,136      39,792         8,344      46,365      39,928           6,437
  
2008  March                5,167     48,783      42,146         6,637      43,616      36,989           6,627
      June                -4,682     44,170      36,772         7,398      48,852      41,100           7,752
      September              194     45,249      36,192         9,057      45,055      38,621           6,434
      December            -5,888     43,554      36,589         6,965      49,442      41,955           7,487
  
2009  March              -11,608     39,275      33,215         6,060      50,883      44,222           6,661
      June                -9,215     38,975      32,682         6,293      48,190      41,825           6,365
      September           -2,369     39,514      33,559         5,955      41,883      35,030           6,853
      December            -5,344     39,982      33,519         6,463      45,326      38,831           6,495
  
2010  March               -1,731     40,627      34,179         6,448      42,358      36,456           5,902
      June                 4,191     44,192      36,921         7,271      40,001      33,934           6,067
      September            1,551     43,161      35,718         7,443      41,610      35,042           6,568
      December               479     42,145      35,214         6,931      41,666      35,356           6,310
  
2011  March                1,089     41,159      34,146         7,013      40,070      34,303           5,767
      June                 1,872     42,514      35,893         6,621      40,642      34,250           6,392
      September            3,208     42,854      36,610         6,244      39,646      33,956           5,690
      December             3,347     43,565      36,278         7,287      40,218      34,012           6,206
  
2012  March               10,651     48,909      37,092        11,817      38,258      32,371           5,887
      June                 4,737     44,832      36,764         8,068      40,095      33,570           6,525
      September              938     43,348      35,743         7,605      42,410      35,202           7,208
      December             4,460     45,813      37,645         8,168      41,353      34,020           7,333
  
2013  March                  222     42,252      35,022         7,230      42,030      35,286           6,744
      June                 4,507     46,174      37,648         8,526      41,667      34,988           6,679
      September            4,262     48,080      39,180         8,900      43,818      36,128           7,690
      December             4,769     49,076      39,420         9,656      44,307      37,345           6,962
  
2014  March                1,003     45,448      37,355         8,093      44,445      37,808           6,637
      June                 1,570     47,530      39,045         8,485      45,960      37,272           8,688
      September            2,213     47,108      38,333         8,775      44,895      37,207           7,688
      December             5,633     49,544      41,280         8,264      43,911      35,648           8,263
  
2015  March                3,492     48,697      39,801         8,896      45,205      37,862           7,343
      June                 2,517     47,449      39,224         8,225      44,932      36,945           7,987
      September            2,783     47,790      39,239         8,551      45,007      36,781           8,226
      December             5,078     49,247      40,445         8,802      44,169      37,023           7,146
  
2016  March                2,621     47,358      39,384         7,974      44,737      37,432           7,305
      June                -1,929     45,783      37,189         8,594      47,712      38,499           9,213
      September            4,174     51,489      42,213         9,276      47,315      38,692           8,623
      December            -3,831     46,158      37,412         8,746      49,989      39,745          10,244
  
2017  March                6,314     48,350      39,244         9,106      42,036      34,899           7,137
      June                -3,708     45,258      37,380         7,878      48,966      40,203           8,763
      September             -276     47,480      38,873         8,607      47,756      38,932           8,824
      December             5,845     50,417      41,170         9,247      44,572      35,900           8,672
  

(1) Net change is the difference between total gross job gains and total gross job losses.
