Table 1.  Private sector gross job gains and job losses, seasonally adjusted

New Jersey

Total private                                

                                                  Gross job gains                       Gross job losses
Year  3 months ended  Net change (1) Total    Expanding      Opening      Total     Contracting      Closing
                                           establishments establishments           establishments establishments

1992  September           22,691    232,601     167,230        65,371     209,910     154,457          55,453
      December            -5,086    208,891     154,029        54,862     213,977     162,980          50,997
  
1993  March               17,941    223,686     168,072        55,614     205,745     165,218          40,527
      June                12,245    218,638     167,199        51,439     206,393     163,841          42,552
      September           19,137    222,556     175,815        46,741     203,419     154,472          48,947
      December             1,681    219,189     164,527        54,662     217,508     163,448          54,060
  
1994  March                3,916    212,123     165,821        46,302     208,207     163,448          44,759
      June                24,785    238,652     173,136        65,516     213,867     165,484          48,383
      September           44,856    251,270     184,445        66,825     206,414     158,954          47,460
      December            -4,762    230,862     171,051        59,811     235,624     179,112          56,512
  
1995  March               22,441    233,246     178,424        54,822     210,805     166,621          44,184
      June               -19,464    220,635     165,053        55,582     240,099     184,576          55,523
      September          -10,591    237,157     186,706        50,451     247,748     166,013          81,735
      December            41,123    255,563     171,016        84,547     214,440     173,576          40,864
  
1996  March               14,429    243,879     175,839        68,040     229,450     180,390          49,060
      June                   174    227,483     175,826        51,657     227,309     176,692          50,617
      September           29,432    250,600     196,394        54,206     221,168     171,678          49,490
      December            14,665    245,858     185,565        60,293     231,193     174,781          56,412
  
1997  March               33,946    259,255     203,161        56,094     225,309     170,308          55,001
      June                -1,460    236,311     175,208        61,103     237,771     187,672          50,099
      September           35,957    246,412     195,143        51,269     210,455     164,238          46,217
      December            11,485    265,578     199,459        66,119     254,093     180,077          74,016
  
1998  March               47,557    315,957     211,086       104,871     268,400     184,126          84,274
      June                 4,235    226,211     172,926        53,285     221,976     171,585          50,391
      September           29,073    283,829     193,465        90,364     254,756     171,182          83,574
      December            32,375    287,432     202,435        84,997     255,057     176,100          78,957
  
1999  March               49,465    334,393     211,666       122,727     284,928     191,707          93,221
      June                 6,618    256,447     189,508        66,939     249,829     190,317          59,512
      September           21,279    290,977     212,187        78,790     269,698     186,899          82,799
      December             5,073    265,660     200,376        65,284     260,587     188,085          72,502
  
2000  March               66,742    338,935     237,954       100,981     272,193     201,356          70,837
      June               -12,163    270,177     204,025        66,152     282,340     213,626          68,714
      September            1,431    275,297     212,477        62,820     273,866     206,917          66,949
      December            25,782    286,627     209,868        76,759     260,845     188,003          72,842
  
2001  March                6,900    274,460     213,165        61,295     267,560     206,360          61,200
      June               -14,163    260,565     198,656        61,909     274,728     216,962          57,766
      September          -35,523    255,590     184,537        71,053     291,113     222,770          68,343
      December           -26,055    231,649     198,947        32,702     257,704     208,204          49,500
  
2002  March               31,517    291,721     214,782        76,939     260,204     205,140          55,064
      June               -35,579    233,652     181,990        51,662     269,231     207,590          61,641
      September           -1,012    243,213     191,069        52,144     244,225     194,336          49,889
      December            -8,348    236,128     186,193        49,935     244,476     198,212          46,264
  
2003  March               -3,780    255,650     191,030        64,620     259,430     202,862          56,568
      June                -7,849    224,843     177,348        47,495     232,692     191,948          40,744
      September           15,593    239,281     186,488        52,793     223,688     179,131          44,557
      December             4,068    227,446     175,951        51,495     223,378     187,279          36,099
  
2004  March                 -660    229,293     182,635        46,658     229,953     178,200          51,753
      June                 1,513    232,132     183,770        48,362     230,619     182,641          47,978
      September           11,736    248,147     187,681        60,466     236,411     184,549          51,862
      December            18,028    233,201     184,461        48,740     215,173     182,847          32,326
  
2005  March               -8,868    225,013     177,979        47,034     233,881     187,504          46,377
      June                17,266    241,043     192,683        48,360     223,777     178,808          44,969
      September           10,094    232,865     179,282        53,583     222,771     186,583          36,188
      December               361    224,296     179,912        44,384     223,935     184,872          39,063
  
2006  March               29,356    233,229     189,187        44,042     203,873     169,425          34,448
      June                -7,594    226,902     181,525        45,377     234,496     185,548          48,948
      September           -6,315    220,060     172,849        47,211     226,375     186,001          40,374
      December             5,069    223,926     177,696        46,230     218,857     179,752          39,105
  
2007  March               -9,025    212,389     174,690        37,699     221,414     181,109          40,305
      June                13,535    232,430     188,073        44,357     218,895     176,951          41,944
      September          -11,463    219,237     166,861        52,376     230,700     188,981          41,719
      December            11,849    228,889     183,539        45,350     217,040     180,290          36,750
  
2008  March               -5,605    212,382     174,480        37,902     217,987     181,244          36,743
      June               -14,605    219,921     174,197        45,724     234,526     195,379          39,147
      September          -36,613    197,461     160,505        36,956     234,074     195,181          38,893
      December           -63,328    189,313     153,245        36,068     252,641     210,549          42,092
  
2009  March              -63,827    174,502     138,974        35,528     238,329     201,736          36,593
      June               -26,175    204,129     159,932        44,197     230,304     188,765          41,539
      September          -21,812    190,269     150,902        39,367     212,081     173,009          39,072
      December            -9,260    197,264     161,300        35,964     206,524     169,689          36,835
  
2010  March              -19,332    182,270     148,718        33,552     201,602     168,094          33,508
      June                22,248    214,719     173,316        41,403     192,471     157,815          34,656
      September           -8,611    190,130     155,288        34,842     198,741     165,114          33,627
      December            11,788    204,698     166,346        38,352     192,910     160,106          32,804
  
2011  March              -12,270    190,166     156,494        33,672     202,436     164,592          37,844
      June                22,238    218,627     173,736        44,891     196,389     164,035          32,354
      September            7,145    207,476     170,624        36,852     200,331     167,523          32,808
      December             8,573    204,354     165,769        38,585     195,781     162,410          33,371
  
2012  March               17,054    206,977     171,773        35,204     189,923     159,084          30,839
      June                17,335    207,865     166,687        41,178     190,530     157,185          33,345
      September           -3,301    198,243     160,333        37,910     201,544     170,379          31,165
      December             3,827    202,656     165,429        37,227     198,829     162,827          36,002
  
2013  March               14,307    207,256     171,567        35,689     192,949     158,101          34,848
      June                26,112    211,340     167,933        43,407     185,228     150,468          34,760
      September            1,611    202,186     164,208        37,978     200,575     168,354          32,221
      December            -1,780    206,119     168,206        37,913     207,899     172,922          34,977
  
2014  March              -10,030    196,399     160,633        35,766     206,429     167,006          39,423
      June                30,866    225,696     180,605        45,091     194,830     157,426          37,404
      September             -102    206,776     165,820        40,956     206,878     171,893          34,985
      December            21,965    226,159     180,826        45,333     204,194     162,723          41,471
  
2015  March              -11,305    196,240     158,049        38,191     207,545     171,185          36,360
      June                34,647    235,737     188,120        47,617     201,090     163,379          37,711
      September            6,886    211,943     171,051        40,892     205,057     168,449          36,608
      December            29,886    227,480     182,444        45,036     197,594     162,905          34,689
  
2016  March               -4,690    197,702     163,422        34,280     202,392     168,162          34,230
      June                25,776    217,390     178,831        38,559     191,614     157,785          33,829
      September           12,457    212,548     175,765        36,783     200,091     167,808          32,283
      December            17,085    217,599     178,348        39,251     200,514     170,929          29,585
  
2017  March               -7,860    191,080     162,461        28,619     198,940     170,526          28,414
      June                43,877    231,222     190,635        40,587     187,345     160,021          27,324
      September           -6,191    207,174     166,994        40,180     213,365     182,436          30,929
      December            32,731    227,504     185,181        42,323     194,773     167,635          27,138
  

(1) Net change is the difference between total gross job gains and total gross job losses.
