Table 1.  Private sector gross job gains and job losses, seasonally adjusted

Nevada

Total private                                

                                                  Gross job gains                       Gross job losses
Year  3 months ended  Net change (1) Total    Expanding      Opening      Total     Contracting      Closing
                                           establishments establishments           establishments establishments

1992  September            8,092     51,675      38,942        12,733      43,583      31,096          12,487
      December              -108     42,480      32,524         9,956      42,588      34,228           8,360
  
1993  March                7,484     46,887      36,244        10,643      39,403      32,324           7,079
      June                 9,970     48,271      38,732         9,539      38,301      30,522           7,779
      September           11,459     52,656      41,885        10,771      41,197      31,875           9,322
      December            19,592     62,418      51,138        11,280      42,826      34,774           8,052
  
1994  March               20,498     63,924      41,816        22,108      43,426      34,927           8,499
      June                15,907     58,651      45,662        12,989      42,744      34,295           8,449
      September           17,082     63,726      48,629        15,097      46,644      37,664           8,980
      December             8,008     55,486      45,869         9,617      47,478      38,386           9,092
  
1995  March                8,932     63,565      48,610        14,955      54,633      42,931          11,702
      June                 8,806     62,172      46,122        16,050      53,366      42,820          10,546
      September           15,611     65,215      50,961        14,254      49,604      40,518           9,086
      December             8,723     60,978      48,012        12,966      52,255      41,380          10,875
  
1996  March               13,860     67,925      49,843        18,082      54,065      40,656          13,409
      June                17,474     68,778      52,856        15,922      51,304      41,216          10,088
      September           14,646     68,209      53,754        14,455      53,563      42,494          11,069
      December             9,459     64,396      49,398        14,998      54,937      45,010           9,927
  
1997  March               13,097     72,268      56,606        15,662      59,171      47,482          11,689
      June                 2,499     64,468      48,909        15,559      61,969      49,819          12,150
      September           13,625     67,974      52,817        15,157      54,349      46,080           8,269
      December             5,885     63,693      51,637        12,056      57,808      45,753          12,055
  
1998  March                  614     59,666      47,479        12,187      59,052      49,777           9,275
      June                 9,385     65,563      53,131        12,432      56,178      44,283          11,895
      September           11,041     65,888      55,008        10,880      54,847      45,146           9,701
      December            16,921     75,635      62,638        12,997      58,714      50,359           8,355
  
1999  March               16,550     75,536      58,412        17,124      58,986      49,308           9,678
      June                 7,611     71,406      58,146        13,260      63,795      53,960           9,835
      September           10,145     72,449      60,599        11,850      62,304      51,911          10,393
      December            12,853     69,868      57,241        12,627      57,015      45,534          11,481
  
2000  March                5,065     67,814      54,325        13,489      62,749      52,278          10,471
      June                10,736     71,514      59,982        11,532      60,778      48,480          12,298
      September           12,167     75,720      61,787        13,933      63,553      50,983          12,570
      December             6,116     67,798      56,564        11,234      61,682      50,912          10,770
  
2001  March               13,491     75,986      61,672        14,314      62,495      49,992          12,503
      June                -4,000     64,317      52,394        11,923      68,317      56,202          12,115
      September           -2,722     64,691      51,355        13,336      67,413      54,997          12,416
      December           -17,534     62,555      50,853        11,702      80,089      67,847          12,242
  
2002  March                6,818     70,682      57,002        13,680      63,864      52,943          10,921
      June                 4,155     66,941      53,828        13,113      62,786      51,363          11,423
      September            7,878     68,730      55,105        13,625      60,852      49,238          11,614
      December             3,413     67,944      53,915        14,029      64,531      52,181          12,350
  
2003  March               13,677     75,073      62,073        13,000      61,396      48,099          13,297
      June                  -540     65,949      52,854        13,095      66,489      56,343          10,146
      September           18,953     74,338      61,236        13,102      55,385      45,324          10,061
      December            15,326     72,776      60,011        12,765      57,450      47,619           9,831
  
2004  March               13,743     73,309      59,503        13,806      59,566      48,531          11,035
      June                20,098     81,698      67,895        13,803      61,600      48,888          12,712
      September           17,186     81,113      67,588        13,525      63,927      53,658          10,269
      December            17,770     79,818      65,022        14,796      62,048      51,278          10,770
  
2005  March               12,636     76,362      64,100        12,262      63,726      53,697          10,029
      June                16,661     82,579      70,812        11,767      65,918      56,057           9,861
      September           19,267     80,927      68,810        12,117      61,660      52,106           9,554
      December            13,586     80,835      68,710        12,125      67,249      57,158          10,091
  
2006  March               18,282     83,922      71,240        12,682      65,640      55,435          10,205
      June                 6,249     79,630      66,295        13,335      73,381      63,913           9,468
      September           -2,043     74,825      62,129        12,696      76,868      65,679          11,189
      December             1,202     78,554      65,767        12,787      77,352      66,720          10,632
  
2007  March                9,169     80,746      67,123        13,623      71,577      61,575          10,002
      June                -3,457     74,402      61,503        12,899      77,859      66,343          11,516
      September          -12,552     70,124      57,833        12,291      82,676      71,541          11,135
      December             7,309     85,247      70,594        14,653      77,938      67,474          10,464
  
2008  March              -10,802     76,925      63,567        13,358      87,727      71,523          16,204
      June               -13,538     71,719      59,867        11,852      85,257      72,269          12,988
      September          -20,750     67,005      55,255        11,750      87,755      75,217          12,538
      December           -39,536     61,609      49,968        11,641     101,145      86,671          14,474
  
2009  March              -38,933     54,101      43,583        10,518      93,034      79,358          13,676
      June               -27,006     55,133      44,756        10,377      82,139      70,560          11,579
      September          -13,821     59,680      49,226        10,454      73,501      60,516          12,985
      December             2,624     69,429      58,632        10,797      66,805      56,034          10,771
  
2010  March              -14,670     51,324      42,351         8,973      65,994      55,517          10,477
      June                 5,632     60,989      50,752        10,237      55,357      45,597           9,760
      September           -6,751     55,895      45,472        10,423      62,646      52,219          10,427
      December            10,026     68,344      56,899        11,445      58,318      48,351           9,967
  
2011  March                1,115     57,479      47,751         9,728      56,364      46,750           9,614
      June                 6,190     61,329      51,337         9,992      55,139      46,953           8,186
      September            2,919     60,223      50,029        10,194      57,304      46,800          10,504
      December             1,873     57,179      46,104        11,075      55,306      44,813          10,493
  
2012  March                5,175     58,323      48,084        10,239      53,148      43,939           9,209
      June                 9,655     62,727      52,173        10,554      53,072      44,119           8,953
      September            1,291     58,360      48,572         9,788      57,069      47,838           9,231
      December             3,838     60,198      49,982        10,216      56,360      46,459           9,901
  
2013  March                8,750     62,971      52,842        10,129      54,221      45,046           9,175
      June                11,083     67,444      54,754        12,690      56,361      47,643           8,718
      September            2,527     61,209      51,220         9,989      58,682      49,664           9,018
      December             9,782     63,841      52,911        10,930      54,059      45,341           8,718
  
2014  March               13,569     68,573      58,840         9,733      55,004      46,104           8,900
      June                10,398     69,764      58,446        11,318      59,366      50,160           9,206
      September            9,679     69,797      58,666        11,131      60,118      50,440           9,678
      December            13,369     70,333      58,426        11,907      56,964      48,156           8,808
  
2015  March                9,562     67,460      57,025        10,435      57,898      49,162           8,736
      June                 3,941     66,749      55,191        11,558      62,808      53,130           9,678
      September            7,296     68,159      56,096        12,063      60,863      50,159          10,704
      December            17,498     76,101      63,628        12,473      58,603      48,751           9,852
  
2016  March                5,939     72,047      59,590        12,457      66,108      55,552          10,556
      June                 7,533     72,895      59,819        13,076      65,362      51,999          13,363
      September           13,813     77,042      62,195        14,847      63,229      51,375          11,854
      December             6,766     71,548      57,462        14,086      64,782      53,042          11,740
  
2017  March               16,394     75,922      62,525        13,397      59,528      49,362          10,166
      June                 3,876     73,628      60,435        13,193      69,752      58,244          11,508
      September            5,179     73,242      59,757        13,485      68,063      57,166          10,897
      December            15,695     77,451      64,429        13,022      61,756      50,635          11,121
  

(1) Net change is the difference between total gross job gains and total gross job losses.
