Table 1.  Private sector gross job gains and job losses, seasonally adjusted

Ohio

Total private                                

                                                  Gross job gains                       Gross job losses
Year  3 months ended  Net change (1) Total    Expanding      Opening      Total     Contracting      Closing
                                           establishments establishments           establishments establishments

1992  September           25,106    306,951     236,567        70,384     281,845     214,332          67,513
      December            13,544    295,860     231,621        64,239     282,316     223,029          59,287
  
1993  March                8,879    369,946     238,677       131,269     361,067     237,109         123,958
      June                27,496    301,548     243,529        58,019     274,052     207,409          66,643
      September           62,785    338,913     270,571        68,342     276,128     219,313          56,815
      December            57,036    314,082     245,677        68,405     257,046     224,700          32,346
  
1994  March               52,759    341,875     261,410        80,465     289,116     225,099          64,017
      June                12,285    317,991     256,323        61,668     305,706     233,037          72,669
      September           52,057    344,651     277,804        66,847     292,594     219,765          72,829
      December            32,501    326,630     254,486        72,144     294,129     236,601          57,528
  
1995  March               53,190    329,282     269,660        59,622     276,092     225,864          50,228
      June                22,358    317,948     248,946        69,002     295,590     240,488          55,102
      September           34,992    320,307     262,705        57,602     285,315     234,495          50,820
      December              -369    299,038     243,600        55,438     299,407     247,265          52,142
  
1996  March               23,453    341,696     268,727        72,969     318,243     261,421          56,822
      June                13,012    318,591     255,545        63,046     305,579     252,078          53,501
      September           20,430    318,489     259,203        59,286     298,059     239,855          58,204
      December            19,570    318,380     255,143        63,237     298,810     247,136          51,674
  
1997  March               37,295    330,568     265,860        64,708     293,273     237,908          55,365
      June                10,525    302,369     247,759        54,610     291,844     247,084          44,760
      September           36,022    328,168     273,631        54,537     292,146     240,456          51,690
      December            21,127    326,111     257,901        68,210     304,984     244,824          60,160
  
1998  March               32,300    334,830     270,779        64,051     302,530     241,723          60,807
      June                 3,576    326,792     257,614        69,178     323,216     261,029          62,187
      September           16,444    326,949     260,233        66,716     310,505     249,570          60,935
      December            26,326    331,942     269,150        62,792     305,616     252,240          53,376
  
1999  March                9,141    345,697     277,329        68,368     336,556     280,367          56,189
      June                 5,734    323,625     260,076        63,549     317,891     259,874          58,017
      September           42,974    368,536     299,198        69,338     325,562     269,241          56,321
      December            42,720    345,457     284,995        60,462     302,737     251,008          51,729
  
2000  March               17,829    339,233     288,179        51,054     321,404     267,185          54,219
      June               -12,442    317,893     263,650        54,243     330,335     279,254          51,081
      September          -21,365    309,548     259,422        50,126     330,913     277,355          53,558
      December             1,527    319,371     268,635        50,736     317,844     262,788          55,056
  
2001  March              -11,691    326,773     271,123        55,650     338,464     287,174          51,290
      June               -55,326    300,556     243,270        57,286     355,882     302,423          53,459
      September          -61,615    289,385     230,802        58,583     351,000     287,052          63,948
      December           -38,320    287,348     236,045        51,303     325,668     270,718          54,950
  
2002  March                2,503    319,312     256,349        62,963     316,809     263,251          53,558
      June               -30,299    289,859     234,802        55,057     320,158     262,084          58,074
      September              -37    296,640     244,195        52,445     296,677     245,596          51,081
      December           -18,179    282,143     229,006        53,137     300,322     249,571          50,751
  
2003  March              -31,736    273,956     225,786        48,170     305,692     251,936          53,756
      June               -13,205    279,832     229,084        50,748     293,037     245,208          47,829
      September            3,683    280,093     231,461        48,632     276,410     233,318          43,092
      December             1,070    282,098     230,401        51,697     281,028     238,475          42,553
  
2004  March               10,567    289,883     244,573        45,310     279,316     231,795          47,521
      June                -2,728    284,308     235,483        48,825     287,036     239,697          47,339
      September           17,857    296,169     244,565        51,604     278,312     229,622          48,690
      December             5,923    280,803     230,938        49,865     274,880     231,150          43,730
  
2005  March               -1,115    286,694     235,148        51,546     287,809     242,296          45,513
      June                 6,322    287,648     236,999        50,649     281,326     233,734          47,592
      September           16,196    292,302     241,182        51,120     276,106     232,528          43,578
      December            -7,005    275,893     230,196        45,697     282,898     236,472          46,426
  
2006  March               15,308    285,741     230,486        55,255     270,433     226,286          44,147
      June               -11,309    273,954     231,117        42,837     285,263     239,761          45,502
      September          -15,665    268,536     225,660        42,876     284,201     242,098          42,103
      December           -14,681    267,931     224,705        43,226     282,612     239,034          43,578
  
2007  March               11,612    277,753     230,293        47,460     266,141     225,346          40,795
      June                 5,970    281,535     235,603        45,932     275,565     231,128          44,437
      September          -25,975    254,869     213,390        41,479     280,844     236,571          44,273
      December            -4,595    270,825     226,509        44,316     275,420     232,414          43,006
  
2008  March              -35,812    246,555     210,084        36,471     282,367     238,927          43,440
      June                -9,538    270,121     227,627        42,494     279,659     237,340          42,319
      September          -37,648    245,916     209,140        36,776     283,564     241,509          42,055
      December           -95,731    226,556     193,864        32,692     322,287     277,415          44,872
  
2009  March             -112,785    208,621     170,510        38,111     321,406     279,698          41,708
      June               -91,305    228,833     192,132        36,701     320,138     277,007          43,131
      September          -24,268    236,060     201,071        34,989     260,328     220,934          39,394
      December           -17,907    233,259     194,814        38,445     251,166     211,644          39,522
  
2010  March              -10,135    223,080     189,310        33,770     233,215     199,538          33,677
      June                32,292    247,810     213,605        34,205     215,518     184,626          30,892
      September           22,477    242,667     202,442        40,225     220,190     188,680          31,510
      December            13,730    262,294     219,832        42,462     248,564     212,040          36,524
  
2011  March                7,304    238,154     207,284        30,870     230,850     196,437          34,413
      June                25,711    255,868     214,666        41,202     230,157     193,671          36,486
      September           40,983    265,786     221,050        44,736     224,803     192,325          32,478
      December            12,339    251,246     211,248        39,998     238,907     198,858          40,049
  
2012  March               37,309    262,115     221,796        40,319     224,806     187,182          37,624
      June                21,895    252,213     212,984        39,229     230,318     194,836          35,482
      September           -5,086    243,326     204,141        39,185     248,412     207,760          40,652
      December            22,361    261,764     220,211        41,553     239,403     200,320          39,083
  
2013  March               16,510    261,238     222,265        38,973     244,728     201,861          42,867
      June                36,393    272,956     228,392        44,564     236,563     200,113          36,450
      September            3,172    248,128     210,049        38,079     244,956     211,079          33,877
      December            26,574    264,099     225,242        38,857     237,525     201,207          36,318
  
2014  March                9,246    253,379     215,244        38,135     244,133     207,474          36,659
      June                35,712    270,342     231,705        38,637     234,630     196,995          37,635
      September              699    248,765     211,613        37,152     248,066     211,376          36,690
      December            40,642    274,118     234,230        39,888     233,476     195,885          37,591
  
2015  March               -2,634    249,958     213,866        36,092     252,592     216,801          35,791
      June                36,626    274,631     232,156        42,475     238,005     204,471          33,534
      September           -5,960    248,987     212,302        36,685     254,947     218,054          36,893
      December            37,487    274,551     229,258        45,293     237,064     202,667          34,397
  
2016  March               17,862    255,575     221,257        34,318     237,713     212,076          25,637
      June                -2,348    261,010     227,011        33,999     263,358     212,156          51,202
      September            2,328    263,761     220,396        43,365     261,433     224,422          37,011
      December            10,255    260,009     220,105        39,904     249,754     213,595          36,159
  
2017  March               23,209    260,122     225,000        35,122     236,913     205,424          31,489
      June                17,679    266,532     226,895        39,637     248,853     212,407          36,446
      September          -23,013    239,333     205,389        33,944     262,346     224,214          38,132
      December            20,112    260,248     223,306        36,942     240,136     203,650          36,486
  

(1) Net change is the difference between total gross job gains and total gross job losses.
