Table 1.  Private sector gross job gains and job losses, seasonally adjusted

Oregon

Total private                                

                                                  Gross job gains                       Gross job losses
Year  3 months ended  Net change (1) Total    Expanding      Opening      Total     Contracting      Closing
                                           establishments establishments           establishments establishments

1992  September           -8,333    101,720      77,034        24,686     110,053      82,692          27,361
      December             1,895     91,991      74,581        17,410      90,096      73,574          16,522
  
1993  March               12,584     93,431      77,729        15,702      80,847      67,612          13,235
      June                18,367    106,327      86,279        20,048      87,960      73,714          14,246
      September           10,398    105,711      84,970        20,741      95,313      79,187          16,126
      December            11,298    102,330      83,274        19,056      91,032      73,970          17,062
  
1994  March               12,150    104,949      85,591        19,358      92,799      75,627          17,172
      June                26,382    117,571      94,096        23,475      91,189      73,710          17,479
      September            6,878    109,385      89,918        19,467     102,507      83,755          18,752
      December            12,443    107,799      87,143        20,656      95,356      79,230          16,126
  
1995  March               13,695    109,699      90,594        19,105      96,004      78,968          17,036
      June                13,237    113,956      94,105        19,851     100,719      82,628          18,091
      September            9,835    114,472      94,573        19,899     104,637      84,010          20,627
      December            11,166    114,171      92,441        21,730     103,005      82,854          20,151
  
1996  March               10,208    113,713      90,940        22,773     103,505      81,736          21,769
      June                11,975    119,857      94,828        25,029     107,882      86,649          21,233
      September           11,778    121,384      94,313        27,071     109,606      87,346          22,260
      December            17,026    120,626      97,297        23,329     103,600      85,423          18,177
  
1997  March               14,437    123,443      97,253        26,190     109,006      86,161          22,845
      June                16,919    116,750      94,834        21,916      99,831      83,496          16,335
      September           -4,380    109,472      91,245        18,227     113,852      92,952          20,900
      December            18,344    122,673      96,683        25,990     104,329      83,788          20,541
  
1998  March                 -432    109,475      90,132        19,343     109,907      88,803          21,104
      June                 3,422    117,344      92,126        25,218     113,922      92,043          21,879
      September           -1,212    111,164      89,383        21,781     112,376      90,593          21,783
      December             4,947    116,092      98,836        17,256     111,145      87,554          23,591
  
1999  March               17,086    133,635     109,511        24,124     116,549      90,266          26,283
      June                  -825    109,026      88,880        20,146     109,851      87,105          22,746
      September            6,018    114,124      90,896        23,228     108,106      83,388          24,718
      December            17,291    119,366      97,825        21,541     102,075      83,562          18,513
  
2000  March                  819    117,558      94,512        23,046     116,739      91,412          25,327
      June                 9,595    118,577      91,396        27,181     108,982      87,401          21,581
      September           -3,173    110,725      90,021        20,704     113,898      90,043          23,855
      December             7,421    114,595      94,694        19,901     107,174      88,198          18,976
  
2001  March               -8,774    112,174      91,533        20,641     120,948      94,525          26,423
      June               -14,555    105,558      86,776        18,782     120,113      99,075          21,038
      September          -22,158    100,656      81,149        19,507     122,814      99,677          23,137
      December           -12,977     97,348      77,829        19,519     110,325      90,439          19,886
  
2002  March                  387    109,629      86,943        22,686     109,242      86,788          22,454
      June                 3,250    104,376      85,290        19,086     101,126      81,878          19,248
      September            4,256    104,462      85,883        18,579     100,206      82,665          17,541
      December            -3,632     98,294      79,414        18,880     101,926      85,464          16,462
  
2003  March               -3,597    103,633      84,090        19,543     107,230      87,562          19,668
      June                -7,879     96,562      78,417        18,145     104,441      86,447          17,994
      September            8,399    103,627      84,300        19,327      95,228      77,133          18,095
      December             9,234    103,287      84,316        18,971      94,053      77,152          16,901
  
2004  March                7,697    103,340      85,629        17,711      95,643      78,646          16,997
      June                19,257    111,090      92,854        18,236      91,833      73,556          18,277
      September             -425    101,878      84,016        17,862     102,303      83,101          19,202
      December            12,746    105,703      88,253        17,450      92,957      78,073          14,884
  
2005  March               15,529    111,703      94,160        17,543      96,174      77,072          19,102
      June                 6,747     99,718      84,098        15,620      92,971      78,421          14,550
      September           11,345    104,523      88,008        16,515      93,178      78,750          14,428
      December            18,582    110,963      92,986        17,977      92,381      76,881          15,500
  
2006  March               13,195    108,289      89,090        19,199      95,094      79,476          15,618
      June                 7,276    104,563      87,957        16,606      97,287      82,165          15,122
      September            4,435    102,230      85,762        16,468      97,795      81,601          16,194
      December            10,552    106,446      88,630        17,816      95,894      80,278          15,616
  
2007  March               10,222    107,451      89,678        17,773      97,229      82,896          14,333
      June                -3,199    102,642      86,923        15,719     105,841      87,107          18,734
      September           -1,759    101,638      84,584        17,054     103,397      85,527          17,870
      December             3,557    106,008      85,841        20,167     102,451      85,179          17,272
  
2008  March               -1,612     99,844      83,652        16,192     101,456      86,095          15,361
      June               -21,804     91,762      74,982        16,780     113,566      95,616          17,950
      September           -7,220     98,567      81,110        17,457     105,787      88,778          17,009
      December           -40,224     85,935      69,723        16,212     126,159     106,216          19,943
  
2009  March              -50,971     78,338      63,549        14,789     129,309     108,252          21,057
      June               -18,943     87,642      73,063        14,579     106,585      89,393          17,192
      September          -10,021     86,772      71,293        15,479      96,793      78,850          17,943
      December            -6,082     89,683      72,652        17,031      95,765      79,193          16,572
  
2010  March                 -327     89,640      74,451        15,189      89,967      73,891          16,076
      June                 5,449     90,787      75,030        15,757      85,338      70,750          14,588
      September           10,055     95,024      78,095        16,929      84,969      69,411          15,558
      December             3,546     94,008      78,541        15,467      90,462      73,479          16,983
  
2011  March                5,242     91,882      75,804        16,078      86,640      72,393          14,247
      June                 2,466     88,129      72,881        15,248      85,663      71,228          14,435
      September           22,509    101,899      84,303        17,596      79,390      65,593          13,797
      December             1,893     93,695      77,312        16,383      91,802      75,662          16,140
  
2012  March                5,263     93,976      77,339        16,637      88,713      73,510          15,203
      June                 5,353     94,344      78,747        15,597      88,991      71,869          17,122
      September           11,548     97,440      80,843        16,597      85,892      71,380          14,512
      December             5,111     95,756      78,430        17,326      90,645      75,591          15,054
  
2013  March               14,285     99,942      82,870        17,072      85,657      71,525          14,132
      June                13,287    100,238      84,762        15,476      86,951      72,151          14,800
      September           12,278    100,184      82,361        17,823      87,906      73,696          14,210
      December             5,217     97,590      81,289        16,301      92,373      76,172          16,201
  
2014  March               11,748    100,336      84,385        15,951      88,588      74,313          14,275
      June                 9,121    100,707      84,186        16,521      91,586      75,930          15,656
      September           14,171    102,177      85,809        16,368      88,006      74,354          13,652
      December            11,255    103,628      86,406        17,222      92,373      75,673          16,700
  
2015  March               17,271    103,335      86,594        16,741      86,064      72,253          13,811
      June                12,305    103,512      87,081        16,431      91,207      76,532          14,675
      September            9,114    105,039      86,619        18,420      95,925      79,516          16,409
      December            13,153    106,654      88,105        18,549      93,501      77,055          16,446
  
2016  March               19,646    109,011      91,660        17,351      89,365      75,439          13,926
      June                 2,381    105,151      87,562        17,589     102,770      83,620          19,150
      September            7,038    106,360      86,639        19,721      99,322      81,800          17,522
      December             6,650    103,156      84,478        18,678      96,506      78,493          18,013
  
2017  March               19,070    108,577      90,747        17,830      89,507      75,212          14,295
      June                 9,187    103,951      87,599        16,352      94,764      79,787          14,977
      September            3,472    102,766      84,226        18,540      99,294      83,700          15,594
      December            12,566    107,905      88,935        18,970      95,339      78,874          16,465
  

(1) Net change is the difference between total gross job gains and total gross job losses.
