Table 1.  Private sector gross job gains and job losses, seasonally adjusted

Rhode Island

Total private                                

                                                  Gross job gains                       Gross job losses
Year  3 months ended  Net change (1) Total    Expanding      Opening      Total     Contracting      Closing
                                           establishments establishments           establishments establishments

1992  September            3,700     32,661      25,244         7,417      28,961      20,654           8,307
      December             2,900     31,187      23,750         7,437      28,287      22,871           5,416
  
1993  March                 -415     31,136      21,528         9,608      31,551      24,370           7,181
      June                   624     26,926      20,171         6,755      26,302      19,531           6,771
      September            5,977     31,125      24,348         6,777      25,148      20,006           5,142
      December              -631     28,005      21,591         6,414      28,636      23,153           5,483
  
1994  March               -2,196     26,273      21,070         5,203      28,469      22,616           5,853
      June                  -135     27,668      21,929         5,739      27,803      21,302           6,501
      September            2,097     31,059      25,178         5,881      28,962      18,779          10,183
      December             3,175     32,103      22,469         9,634      28,928      21,420           7,508
  
1995  March                4,762     31,510      21,613         9,897      26,748      22,009           4,739
      June                -3,125     26,229      19,713         6,516      29,354      23,549           5,805
      September            4,693     32,100      24,805         7,295      27,407      21,267           6,140
      December            -2,425     26,686      20,712         5,974      29,111      23,630           5,481
  
1996  March                2,545     30,291      23,893         6,398      27,746      21,316           6,430
      June                   634     27,899      21,609         6,290      27,265      20,758           6,507
      September             -142     29,578      22,249         7,329      29,720      22,607           7,113
      December               906     28,852      22,403         6,449      27,946      21,657           6,289
  
1997  March                4,283     31,941      24,083         7,858      27,658      20,880           6,778
      June                  -645     27,766      21,931         5,835      28,411      20,924           7,487
      September            4,685     31,381      24,738         6,643      26,696      20,688           6,008
      December               131     27,343      21,891         5,452      27,212      21,968           5,244
  
1998  March                1,988     30,831      25,503         5,328      28,843      21,139           7,704
      June                 2,151     30,401      22,216         8,185      28,250      22,825           5,425
      September            1,595     30,041      23,228         6,813      28,446      21,901           6,545
      December             2,341     30,192      22,870         7,322      27,851      21,517           6,334
  
1999  March                2,868     32,927      24,839         8,088      30,059      22,159           7,900
      June                 1,867     28,798      21,885         6,913      26,931      22,077           4,854
      September            3,308     31,327      23,850         7,477      28,019      22,234           5,785
      December             5,373     32,790      24,802         7,988      27,417      22,060           5,357
  
2000  March                5,256     35,505      27,896         7,609      30,249      23,502           6,747
      June                -2,967     32,983      26,292         6,691      35,950      25,317          10,633
      September            1,599     30,975      24,398         6,577      29,376      22,991           6,385
      December             4,339     32,329      26,805         5,524      27,990      22,066           5,924
  
2001  March                1,520     34,447      27,299         7,148      32,927      27,101           5,826
      June                -6,393     28,748      22,934         5,814      35,141      25,655           9,486
      September           -1,571     27,823      21,190         6,633      29,394      24,054           5,340
      December            -1,419     27,496      22,772         4,724      28,915      22,603           6,312
  
2002  March                4,371     32,882      25,075         7,807      28,511      23,317           5,194
      June                -2,609     28,097      22,219         5,878      30,706      23,827           6,879
      September              497     27,831      21,230         6,601      27,334      21,401           5,933
      December             1,297     26,961      21,841         5,120      25,664      19,726           5,938
  
2003  March                  436     28,514      21,903         6,611      28,078      22,935           5,143
      June                 2,086     28,270      22,194         6,076      26,184      20,843           5,341
      September            2,142     26,641      21,305         5,336      24,499      20,113           4,386
      December             2,452     28,308      22,497         5,811      25,856      20,502           5,354
  
2004  March                 -257     27,635      22,140         5,495      27,892      21,757           6,135
      June                   329     27,687      21,170         6,517      27,358      20,432           6,926
      September            1,264     30,328      23,218         7,110      29,064      22,033           7,031
      December             2,642     29,631      22,741         6,890      26,989      21,617           5,372
  
2005  March                 -153     27,892      22,274         5,618      28,045      21,742           6,303
      June                   642     27,675      21,760         5,915      27,033      21,642           5,391
      September            1,345     28,033      22,034         5,999      26,688      21,646           5,042
      December            -1,462     27,429      21,966         5,463      28,891      23,015           5,876
  
2006  March                  328     26,713      21,202         5,511      26,385      19,738           6,647
      June                 1,808     28,644      21,427         7,217      26,836      22,080           4,756
      September            2,085     29,984      22,009         7,975      27,899      21,744           6,155
      December             1,067     28,904      22,526         6,378      27,837      22,252           5,585
  
2007  March                 -671     26,918      20,783         6,135      27,589      21,935           5,654
      June                    37     27,575      20,768         6,807      27,538      21,374           6,164
      September           -5,159     24,088      18,942         5,146      29,247      23,609           5,638
      December            -1,876     26,258      20,694         5,564      28,134      22,374           5,760
  
2008  March               -2,407     24,584      18,898         5,686      26,991      21,996           4,995
      June                -3,482     25,635      20,289         5,346      29,117      22,798           6,319
      September           -2,754     25,484      19,748         5,736      28,238      22,795           5,443
      December            -8,046     22,443      17,047         5,396      30,489      24,421           6,068
  
2009  March               -8,088     22,215      17,166         5,049      30,303      24,443           5,860
      June                -3,596     23,932      17,984         5,948      27,528      21,178           6,350
      September           -3,120     23,138      18,206         4,932      26,258      20,169           6,089
      December              -938     23,477      17,943         5,534      24,415      19,484           4,931
  
2010  March                  777     23,368      18,223         5,145      22,591      17,629           4,962
      June                  -833     25,135      19,469         5,666      25,968      20,082           5,886
      September            1,836     25,300      19,557         5,743      23,464      19,056           4,408
      December              -286     23,981      18,460         5,521      24,267      18,694           5,573
  
2011  March                 -418     22,781      18,016         4,765      23,199      18,625           4,574
      June                 1,641     25,917      20,500         5,417      24,276      19,820           4,456
      September              436     23,673      18,519         5,154      23,237      18,716           4,521
      December            -1,079     23,976      18,647         5,329      25,055      20,060           4,995
  
2012  March                1,590     25,568      20,502         5,066      23,978      19,666           4,312
      June                 1,559     24,924      19,802         5,122      23,365      18,228           5,137
      September             -866     23,894      18,800         5,094      24,760      19,921           4,839
      December               791     24,543      19,169         5,374      23,752      18,682           5,070
  
2013  March                1,021     24,273      19,037         5,236      23,252      18,522           4,730
      June                 3,069     25,680      20,557         5,123      22,611      18,056           4,555
      September              923     25,093      19,772         5,321      24,170      19,846           4,324
      December             1,367     24,389      19,747         4,642      23,022      18,057           4,965
  
2014  March                  294     22,949      18,346         4,603      22,655      18,460           4,195
      June                 3,814     26,081      20,879         5,202      22,267      18,203           4,064
      September              917     24,231      19,667         4,564      23,314      18,989           4,325
      December             3,366     26,338      21,302         5,036      22,972      17,913           5,059
  
2015  March               -2,363     21,922      17,510         4,412      24,285      19,903           4,382
      June                 3,276     27,405      22,019         5,386      24,129      19,222           4,907
      September              286     24,068      18,680         5,388      23,782      19,017           4,765
      December             3,752     27,257      21,757         5,500      23,505      19,022           4,483
  
2016  March                 -578     23,971      19,430         4,541      24,549      19,622           4,927
      June                  -351     25,378      20,131         5,247      25,729      21,045           4,684
      September           -1,132     23,258      18,666         4,592      24,390      20,018           4,372
      December                85     23,989      19,670         4,319      23,904      19,342           4,562
  
2017  March                1,432     26,217      21,073         5,144      24,785      19,592           5,193
      June                 2,602     27,377      22,188         5,189      24,775      19,719           5,056
      September           -1,671     24,892      19,288         5,604      26,563      21,888           4,675
      December             2,108     27,480      21,682         5,798      25,372      19,437           5,935
  

(1) Net change is the difference between total gross job gains and total gross job losses.
