Table 1.  Private sector gross job gains and job losses, seasonally adjusted

Tennessee

Total private                                

                                                  Gross job gains                       Gross job losses
Year  3 months ended  Net change (1) Total    Expanding      Opening      Total     Contracting      Closing
                                           establishments establishments           establishments establishments

1992  September           14,067    143,059     114,649        28,410     128,992     103,040          25,952
      December            17,996    139,807     110,997        28,810     121,811     104,457          17,354
  
1993  March               11,527    141,377     111,039        30,338     129,850     103,766          26,084
      June                33,725    142,652     123,680        18,972     108,927      92,643          16,284
      September           20,718    141,945     119,476        22,469     121,227     102,513          18,714
      December            15,685    138,386     113,861        24,525     122,701     104,150          18,551
  
1994  March               25,803    154,185     132,406        21,779     128,382     103,841          24,541
      June                34,504    152,174     131,876        20,298     117,670     100,784          16,886
      September           24,564    154,478     129,334        25,144     129,914     112,675          17,239
      December            12,591    145,932     125,072        20,860     133,341     116,762          16,579
  
1995  March               21,110    155,788     133,551        22,237     134,678     113,936          20,742
      June                13,018    153,926     125,748        28,178     140,908     119,958          20,950
      September           13,487    159,178     133,426        25,752     145,691     125,128          20,563
      December            14,246    163,021     128,066        34,955     148,775     127,483          21,292
  
1996  March               -5,563    153,536     122,678        30,858     159,099     136,093          23,006
      June                -5,931    150,285     124,520        25,765     156,216     124,450          31,766
      September           30,238    169,712     135,262        34,450     139,474     118,626          20,848
      December            -1,029    152,234     127,585        24,649     153,263     125,456          27,807
  
1997  March               13,279    160,134     131,599        28,535     146,855     125,988          20,867
      June                16,537    159,219     130,126        29,093     142,682     121,956          20,726
      September           24,772    171,974     141,519        30,455     147,202     124,609          22,593
      December             3,257    165,204     136,575        28,629     161,947     131,236          30,711
  
1998  March                5,049    164,313     138,218        26,095     159,264     130,492          28,772
      June                23,615    177,991     143,384        34,607     154,376     130,348          24,028
      September            8,852    169,631     137,662        31,969     160,779     130,282          30,497
      December            15,260    164,422     134,147        30,275     149,162     127,360          21,802
  
1999  March                3,561    177,919     144,522        33,397     174,358     137,599          36,759
      June                15,196    164,545     133,237        31,308     149,349     127,400          21,949
      September           25,591    176,608     149,511        27,097     151,017     125,906          25,111
      December             7,850    170,899     141,560        29,339     163,049     129,651          33,398
  
2000  March               12,564    178,051     146,899        31,152     165,487     134,841          30,646
      June                 4,005    161,099     138,484        22,615     157,094     128,285          28,809
      September            2,743    158,778     134,495        24,283     156,035     135,082          20,953
      December           -20,673    143,985     121,240        22,745     164,658     140,255          24,403
  
2001  March               -1,268    163,126     139,103        24,023     164,394     139,712          24,682
      June               -21,406    144,846     120,767        24,079     166,252     142,297          23,955
      September          -24,184    137,875     116,210        21,665     162,059     136,742          25,317
      December           -27,092    136,831     112,378        24,453     163,923     138,531          25,392
  
2002  March                4,169    157,511     132,764        24,747     153,342     125,289          28,053
      June                   193    152,156     126,557        25,599     151,963     124,179          27,784
      September           10,652    151,645     130,129        21,516     140,993     118,056          22,937
      December            -7,990    144,914     118,237        26,677     152,904     130,416          22,488
  
2003  March               -7,106    144,769     115,439        29,330     151,875     127,371          24,504
      June                -1,399    136,449     115,158        21,291     137,848     117,473          20,375
      September            6,347    139,157     115,843        23,314     132,810     112,611          20,199
      December             6,647    141,825     118,411        23,414     135,178     109,814          25,364
  
2004  March               23,164    153,077     128,750        24,327     129,913     109,085          20,828
      June                 6,918    142,745     122,108        20,637     135,827     117,705          18,122
      September            8,717    145,881     124,357        21,524     137,164     115,408          21,756
      December            10,228    146,919     123,829        23,090     136,691     117,222          19,469
  
2005  March               15,746    154,349     129,921        24,428     138,603     117,169          21,434
      June                 6,270    142,937     121,471        21,466     136,667     115,713          20,954
      September           17,753    153,409     128,419        24,990     135,656     112,864          22,792
      December             5,064    143,561     120,691        22,870     138,497     119,783          18,714
  
2006  March               24,609    152,777     129,201        23,576     128,168     109,124          19,044
      June                -5,734    146,353     123,148        23,205     152,087     127,131          24,956
      September            4,373    144,896     123,960        20,936     140,523     121,688          18,835
      December            -6,368    152,803     129,953        22,850     159,171     126,030          33,141
  
2007  March                9,158    156,665     129,933        26,732     147,507     131,626          15,881
      June                -2,782    141,488     120,268        21,220     144,270     126,310          17,960
      September            4,674    143,633     119,865        23,768     138,959     119,722          19,237
      December             3,099    140,675     118,623        22,052     137,576     118,867          18,709
  
2008  March               -3,502    145,975     124,747        21,228     149,477     131,336          18,141
      June               -22,471    130,501     110,872        19,629     152,972     129,931          23,041
      September          -33,220    126,343     106,626        19,717     159,563     139,004          20,559
      December           -52,105    116,034      98,531        17,503     168,139     148,266          19,873
  
2009  March              -62,152    104,385      88,079        16,306     166,537     147,983          18,554
      June               -40,469    115,293      97,548        17,745     155,762     135,846          19,916
      September          -17,423    116,942     100,361        16,581     134,365     115,291          19,074
      December              -388    119,880     102,081        17,799     120,268     103,787          16,481
  
2010  March               -2,640    113,980      99,389        14,591     116,620     101,977          14,643
      June                13,561    132,784     112,367        20,417     119,223     101,705          17,518
      September           -2,555    123,585     107,913        15,672     126,140     108,549          17,591
      December            13,223    127,635     110,477        17,158     114,412      98,991          15,421
  
2011  March               14,280    123,903     108,176        15,727     109,623      95,820          13,803
      June                16,689    128,246     111,443        16,803     111,557      98,253          13,304
      September           14,443    130,530     112,095        18,435     116,087     101,492          14,595
      December            14,212    132,465     116,437        16,028     118,253     102,586          15,667
  
2012  March               22,898    135,728     118,966        16,762     112,830      97,205          15,625
      June                 8,655    134,083     114,928        19,155     125,428     109,922          15,506
      September            1,506    125,050     107,975        17,075     123,544     108,023          15,521
      December            20,074    135,957     118,226        17,731     115,883     100,272          15,611
  
2013  March               10,552    126,691     108,259        18,432     116,139     101,980          14,159
      June                 5,479    127,493     109,927        17,566     122,014     103,583          18,431
      September            6,202    125,144     107,897        17,247     118,942     104,087          14,855
      December            31,925    142,433     124,504        17,929     110,508      95,655          14,853
  
2014  March                5,650    127,814     112,090        15,724     122,164     108,788          13,376
      June                13,145    131,081     113,016        18,065     117,936     102,883          15,053
      September           14,358    133,234     114,344        18,890     118,876     103,841          15,035
      December            32,169    146,717     129,128        17,589     114,548      97,628          16,920
  
2015  March               -1,938    124,184     102,520        21,664     126,122     111,919          14,203
      June                29,022    143,719     126,236        17,483     114,697      99,994          14,703
      September           15,039    139,602     120,233        19,369     124,563     109,262          15,301
      December            36,813    152,964     134,138        18,826     116,151     102,079          14,072
  
2016  March                3,658    132,274     115,477        16,797     128,616     114,189          14,427
      June                 9,099    141,910     122,669        19,241     132,811     117,467          15,344
      September           17,397    147,480     126,490        20,990     130,083     114,061          16,022
      December            18,525    144,675     123,713        20,962     126,150     111,256          14,894
  
2017  March                5,204    128,481     113,022        15,459     123,277     112,439          10,838
      June                 6,741    136,278     117,662        18,616     129,537     113,952          15,585
      September            5,769    134,472     115,323        19,149     128,703     114,739          13,964
      December            23,634    147,416     126,434        20,982     123,782     109,224          14,558
  

(1) Net change is the difference between total gross job gains and total gross job losses.
