Table 1.  Private sector gross job gains and job losses, seasonally adjusted

Texas

Total private                                

                                                  Gross job gains                       Gross job losses
Year  3 months ended  Net change (1) Total    Expanding      Opening      Total     Contracting      Closing
                                           establishments establishments           establishments establishments

1992  September            8,388    469,481     356,261       113,220     461,093     336,153         124,940
      December            46,680    485,009     342,695       142,314     438,329     338,523          99,806
  
1993  March               49,577    510,922     356,367       154,555     461,345     338,716         122,629
      June                55,313    476,755     370,270       106,485     421,442     329,865          91,577
      September           83,149    507,704     383,055       124,649     424,555     337,280          87,275
      December            26,061    459,036     362,144        96,892     432,975     343,927          89,048
  
1994  March               19,178    477,137     372,848       104,289     457,959     354,622         103,337
      June               105,009    537,886     398,611       139,275     432,877     335,797          97,080
      September           91,279    546,798     393,220       153,578     455,519     360,061          95,458
      December            60,632    503,345     372,973       130,372     442,713     362,403          80,310
  
1995  March               44,793    507,690     402,071       105,619     462,897     368,527          94,370
      June                57,796    505,023     395,268       109,755     447,227     371,325          75,902
      September           59,367    506,665     395,693       110,972     447,298     358,806          88,492
      December            45,349    498,332     402,697        95,635     452,983     368,837          84,146
  
1996  March               30,059    486,097     387,412        98,685     456,038     363,321          92,717
      June                69,489    508,730     394,122       114,608     439,241     353,943          85,298
      September           52,503    510,960     395,810       115,150     458,457     374,646          83,811
      December            96,518    542,410     397,516       144,894     445,892     371,671          74,221
  
1997  March               87,059    553,292     422,410       130,882     466,233     377,151          89,082
      June                97,616    547,992     435,102       112,890     450,376     374,580          75,796
      September           91,851    575,294     458,060       117,234     483,443     386,326          97,117
      December            84,690    572,390     446,034       126,356     487,700     397,266          90,434
  
1998  March               70,765    580,524     469,195       111,329     509,759     407,249         102,510
      June                75,750    576,625     453,217       123,408     500,875     392,063         108,812
      September           82,018    577,624     458,104       119,520     495,606     397,502          98,104
      December            48,104    556,123     462,625        93,498     508,019     415,108          92,911
  
1999  March               36,746    562,723     459,214       103,509     525,977     426,818          99,159
      June                 4,994    573,749     462,758       110,991     568,755     466,502         102,253
      September           52,054    545,706     446,907        98,799     493,652     398,252          95,400
      December            60,507    567,982     461,088       106,894     507,475     412,443          95,032
  
2000  March               89,855    584,328     471,490       112,838     494,473     401,609          92,864
      June                75,482    574,258     472,178       102,080     498,776     402,070          96,706
      September           53,898    574,089     465,356       108,733     520,191     425,476          94,715
      December            13,485    535,803     445,684        90,119     522,318     424,556          97,762
  
2001  March               29,805    559,622     453,120       106,502     529,817     430,433          99,384
      June               -21,798    546,005     431,263       114,742     567,803     466,318         101,485
      September          -72,279    516,136     405,841       110,295     588,415     472,396         116,019
      December           -92,343    507,874     394,135       113,739     600,217     488,346         111,871
  
2002  March                6,647    546,283     430,896       115,387     539,636     433,088         106,548
      June                -7,642    527,794     413,476       114,318     535,436     425,691         109,745
      September          -11,139    523,014     405,123       117,891     534,153     433,688         100,465
      December           -58,030    489,725     379,421       110,304     547,755     442,268         105,487
  
2003  March              -23,422    495,850     401,505        94,345     519,272     418,094         101,178
      June               -15,682    490,691     386,856       103,835     506,373     407,497          98,876
      September           24,201    493,561     397,285        96,276     469,360     383,743          85,617
      December             8,827    511,556     408,497       103,059     502,729     402,788          99,941
  
2004  March               40,877    509,354     409,393        99,961     468,477     373,767          94,710
      June                25,046    503,358     405,872        97,486     478,312     382,455          95,857
      September           49,662    514,162     413,258       100,904     464,500     369,607          94,893
      December            53,413    511,843     418,230        93,613     458,430     369,966          88,464
  
2005  March               66,884    536,410     431,032       105,378     469,526     378,881          90,645
      June                55,013    532,330     424,937       107,393     477,317     380,297          97,020
      September          104,435    564,464     457,745       106,719     460,029     368,949          91,080
      December            82,265    551,426     451,064       100,362     469,161     383,050          86,111
  
2006  March              103,638    558,563     463,647        94,916     454,925     370,538          84,387
      June                49,179    557,908     452,397       105,511     508,729     418,171          90,558
      September           68,539    547,544     449,581        97,963     479,005     396,434          82,571
      December            86,140    561,925     455,239       106,686     475,785     392,692          83,093
  
2007  March               81,406    563,856     466,745        97,111     482,450     402,658          79,792
      June                68,953    555,641     461,270        94,371     486,688     402,933          83,755
      September           35,876    539,049     445,276        93,773     503,173     417,130          86,043
      December            81,895    567,419     467,776        99,643     485,524     399,292          86,232
  
2008  March               45,484    543,428     445,135        98,293     497,944     407,493          90,451
      June                14,095    530,856     430,812       100,044     516,761     432,756          84,005
      September          -32,638    504,712     416,556        88,156     537,350     448,010          89,340
      December           -24,045    537,857     445,070        92,787     561,902     469,455          92,447
  
2009  March             -180,353    439,805     351,824        87,981     620,158     536,440          83,718
      June              -150,138    436,521     353,244        83,277     586,659     506,687          79,972
      September          -72,441    438,357     362,342        76,015     510,798     433,630          77,168
      December            -2,008    481,541     394,194        87,347     483,549     407,644          75,905
  
2010  March               25,318    473,000     390,050        82,950     447,682     380,312          67,370
      June                47,334    494,524     417,247        77,277     447,190     371,916          75,274
      September           45,936    495,382     416,213        79,169     449,446     371,229          78,217
      December            84,584    520,617     433,460        87,157     436,033     362,167          73,866
  
2011  March               66,934    500,062     415,296        84,766     433,128     363,757          69,371
      June                71,727    514,376     430,606        83,770     442,649     371,501          71,148
      September           98,911    545,259     459,709        85,550     446,348     374,253          72,095
      December            61,313    520,339     431,695        88,644     459,026     385,533          73,493
  
2012  March               92,707    537,588     451,450        86,138     444,881     378,722          66,159
      June                90,878    551,265     465,138        86,127     460,387     389,558          70,829
      September           58,128    531,867     446,453        85,414     473,739     397,665          76,074
      December           100,287    552,410     461,623        90,787     452,123     379,755          72,368
  
2013  March               71,887    542,884     454,947        87,937     470,997     403,825          67,172
      June                65,946    535,996     450,281        85,715     470,050     393,750          76,300
      September           66,298    551,157     461,992        89,165     484,859     410,892          73,967
      December            76,346    564,396     472,937        91,459     488,050     408,199          79,851
  
2014  March               77,923    559,580     467,598        91,982     481,657     406,516          75,141
      June               101,116    573,006     484,837        88,169     471,890     391,208          80,682
      September           84,985    577,066     485,468        91,598     492,081     416,556          75,525
      December           137,952    620,063     522,071        97,992     482,111     399,103          83,008
  
2015  March                7,417    563,672     459,542       104,130     556,255     477,173          79,082
      June                34,230    581,607     487,139        94,468     547,377     466,628          80,749
      September           36,488    586,351     493,496        92,855     549,863     466,548          83,315
      December            57,217    601,305     506,645        94,660     544,088     454,742          89,346
  
2016  March              -36,296    535,504     436,152        99,352     571,800     481,551          90,249
      June                24,101    569,649     461,580       108,069     545,548     459,312          86,236
      September           76,205    617,457     505,110       112,347     541,252     453,606          87,646
      December            50,076    588,802     486,154       102,648     538,726     451,103          87,623
  
2017  March               61,040    580,416     483,576        96,840     519,376     438,476          80,900
      June                48,882    588,070     488,811        99,259     539,188     453,039          86,149
      September           15,984    595,615     493,496       102,119     579,631     480,360          99,271
      December           103,721    641,177     533,139       108,038     537,456     434,454         103,002
  

(1) Net change is the difference between total gross job gains and total gross job losses.
