Table 1.  Private sector gross job gains and job losses, seasonally adjusted

Utah

Total private                                

                                                  Gross job gains                       Gross job losses
Year  3 months ended  Net change (1) Total    Expanding      Opening      Total     Contracting      Closing
                                           establishments establishments           establishments establishments

1992  September            9,001     50,977      41,435         9,542      41,976      34,750           7,226
      December             6,387     51,342      41,154        10,188      44,955      36,184           8,771
  
1993  March                8,988     53,980      41,178        12,802      44,992      36,576           8,416
      June                14,326     57,453      46,355        11,098      43,127      34,444           8,683
      September           12,679     58,669      45,974        12,695      45,990      35,287          10,703
      December            10,491     55,648      45,157        10,491      45,157      36,485           8,672
  
1994  March               10,291     57,305      45,234        12,071      47,014      38,832           8,182
      June                14,858     60,946      48,031        12,915      46,088      36,486           9,602
      September           13,513     64,696      50,839        13,857      51,183      40,062          11,121
      December             7,207     59,628      47,824        11,804      52,421      43,245           9,176
  
1995  March               13,243     65,247      50,503        14,744      52,004      41,904          10,100
      June                 9,135     63,055      50,174        12,881      53,920      43,252          10,668
      September           18,323     69,776      53,681        16,095      51,453      42,143           9,310
      December             8,856     66,459      52,833        13,626      57,603      47,138          10,465
  
1996  March               10,259     69,607      54,965        14,642      59,348      50,690           8,658
      June                10,153     69,272      53,261        16,011      59,119      47,516          11,603
      September           12,424     72,976      56,666        16,310      60,552      48,868          11,684
      December             8,205     68,724      53,516        15,208      60,519      48,808          11,711
  
1997  March               11,542     72,614      54,563        18,051      61,072      48,237          12,835
      June                 5,447     68,050      53,381        14,669      62,603      51,103          11,500
      September            8,242     71,218      56,099        15,119      62,976      51,514          11,462
      December             5,071     68,068      53,880        14,188      62,997      51,606          11,391
  
1998  March                7,244     71,684      56,261        15,423      64,440      50,782          13,658
      June                 6,933     70,901      53,441        17,460      63,968      51,622          12,346
      September            7,004     71,771      55,059        16,712      64,767      50,879          13,888
      December             4,139     72,109      56,683        15,426      67,970      54,980          12,990
  
1999  March                7,205     75,454      56,656        18,798      68,249      53,377          14,872
      June                 7,636     70,215      55,290        14,925      62,579      50,642          11,937
      September            5,359     72,310      55,152        17,158      66,951      53,882          13,069
      December             5,396     73,551      57,912        15,639      68,155      53,411          14,744
  
2000  March                6,492     74,672      58,369        16,303      68,180      54,161          14,019
      June                 6,221     71,422      56,824        14,598      65,201      51,859          13,342
      September            5,047     73,090      56,407        16,683      68,043      54,671          13,372
      December             5,944     72,251      57,858        14,393      66,307      53,789          12,518
  
2001  March                  237     71,093      53,450        17,643      70,856      56,085          14,771
      June                -4,136     70,167      53,697        16,470      74,303      58,720          15,583
      September           -5,522     68,021      53,724        14,297      73,543      57,947          15,596
      December           -10,139     67,458      52,763        14,695      77,597      61,983          15,614
  
2002  March                  -88     71,879      56,623        15,256      71,967      57,984          13,983
      June                -1,507     68,931      53,092        15,839      70,438      55,874          14,564
      September           -1,334     67,437      51,017        16,420      68,771      52,612          16,159
      December             2,371     67,341      51,313        16,028      64,970      52,127          12,843
  
2003  March               -5,562     64,830      49,392        15,438      70,392      55,903          14,489
      June                 2,835     66,014      51,113        14,901      63,179      49,744          13,435
      September            4,593     66,551      51,121        15,430      61,958      49,608          12,350
      December            10,296     70,641      55,935        14,706      60,345      47,591          12,754
  
2004  March                6,572     71,357      55,229        16,128      64,785      51,421          13,364
      June                 9,851     73,150      57,613        15,537      63,299      48,315          14,984
      September            5,573     70,867      54,622        16,245      65,294      53,081          12,213
      December            10,546     72,960      57,263        15,697      62,414      49,053          13,361
  
2005  March               11,460     74,640      58,466        16,174      63,180      50,233          12,947
      June                 5,197     72,993      57,702        15,291      67,796      50,625          17,171
      September           18,016     79,269      62,467        16,802      61,253      49,096          12,157
      December            10,043     75,518      59,879        15,639      65,475      54,360          11,115
  
2006  March               19,487     84,898      65,814        19,084      65,411      52,086          13,325
      June                12,737     77,579      61,480        16,099      64,842      51,559          13,283
      September            9,647     78,066      62,286        15,780      68,419      55,494          12,925
      December            15,546     80,522      64,088        16,434      64,976      52,825          12,151
  
2007  March               18,463     82,908      66,827        16,081      64,445      52,101          12,344
      June                 5,945     76,839      61,852        14,987      70,894      57,179          13,715
      September           -2,315     74,283      60,556        13,727      76,598      60,468          16,130
      December             6,108     82,117      66,231        15,886      76,009      61,898          14,111
  
2008  March                 -660     73,302      59,611        13,691      73,962      59,774          14,188
      June                -8,185     70,087      55,909        14,178      78,272      62,898          15,374
      September           -5,897     68,707      53,803        14,904      74,604      61,442          13,162
      December           -19,705     65,317      51,003        14,314      85,022      69,543          15,479
  
2009  March              -29,317     57,290      45,077        12,213      86,607      70,954          15,653
      June               -19,520     62,518      49,109        13,409      82,038      66,811          15,227
      September           -8,353     63,183      49,194        13,989      71,536      57,202          14,334
      December            -2,433     65,885      51,841        14,044      68,318      53,990          14,328
  
2010  March               -1,647     64,526      52,197        12,329      66,173      52,509          13,664
      June                 4,468     65,942      52,348        13,594      61,474      48,835          12,639
      September            1,900     66,623      51,981        14,642      64,723      50,957          13,766
      December             5,970     69,923      53,651        16,272      63,953      50,414          13,539
  
2011  March                2,839     64,952      52,036        12,916      62,113      48,573          13,540
      June                 7,314     69,256      55,248        14,008      61,942      49,998          11,944
      September           11,339     70,307      56,920        13,387      58,968      47,941          11,027
      December             6,920     68,543      54,426        14,117      61,623      48,891          12,732
  
2012  March                9,521     68,762      55,268        13,494      59,241      47,040          12,201
      June                12,543     72,423      58,212        14,211      59,880      49,059          10,821
      September            6,624     68,916      55,212        13,704      62,292      50,849          11,443
      December            12,833     74,871      59,331        15,540      62,038      50,751          11,287
  
2013  March                7,763     72,898      60,903        11,995      65,135      53,736          11,399
      June                 5,992     73,175      59,397        13,778      67,183      56,891          10,292
      September            5,321     71,481      57,916        13,565      66,160      56,007          10,153
      December            13,597     77,668      64,085        13,583      64,071      51,576          12,495
  
2014  March                5,306     69,657      57,561        12,096      64,351      53,361          10,990
      June                 4,924     76,018      60,702        15,316      71,094      58,698          12,396
      September           11,760     76,616      63,654        12,962      64,856      53,038          11,818
      December            14,144     77,836      63,088        14,748      63,692      52,588          11,104
  
2015  March               15,193     81,773      68,366        13,407      66,580      55,628          10,952
      June                 8,335     77,441      63,459        13,982      69,106      56,975          12,131
      September           10,656     78,573      64,484        14,089      67,917      54,677          13,240
      December            13,597     81,800      66,301        15,499      68,203      54,825          13,378
  
2016  March               15,269     84,240      69,730        14,510      68,971      57,265          11,706
      June                 4,589     79,060      65,715        13,345      74,471      61,493          12,978
      September            8,666     86,460      69,215        17,245      77,794      61,802          15,992
      December             3,296     79,259      64,232        15,027      75,963      61,349          14,614
  
2017  March               19,279     91,646      74,614        17,032      72,367      60,207          12,160
      June                 7,423     81,427      66,671        14,756      74,004      60,693          13,311
      September            6,716     82,619      66,526        16,093      75,903      62,718          13,185
      December            14,182     84,690      67,523        17,167      70,508      57,559          12,949
  

(1) Net change is the difference between total gross job gains and total gross job losses.
